0.3618164 0.31433105 0.10780843 0.0418396 0.035858154 0.031545002 0.030782064 0.024586996 0.018320719 0.012329102 0.008270264 0.005228678 0.0038655598 0.0030314128 3.86556E-4 0.0 
0.1593221 0.15179443 0.0948995 0.0924174 0.08702596 0.07858276 0.06820679 0.06430054 0.061238606 0.05110677 0.05008952 0.031473797 0.008656819 8.748372E-4 1.0172526E-5 0.0 
0.03387451 0.043884277 0.041829426 0.05399577 0.06377157 0.08150228 0.11162313 0.1366272 0.14260864 0.12219238 0.083506264 0.049367268 0.024881998 0.009389241 9.256999E-4 2.0345053E-5 
0.1184082 0.14004517 0.11895752 0.13031006 0.11484782 0.08129883 0.05770874 0.040507 0.032277424 0.028361002 0.026631674 0.023976645 0.028676352 0.047088623 0.010681152 2.2379558E-4 
0.10189819 0.11462402 0.12446085 0.11468506 0.10121664 0.07867432 0.07261149 0.05638631 0.037322998 0.034434002 0.034383137 0.038462322 0.06327311 0.02532959 0.0021769207 6.1035156E-5 
0.04559326 0.123046875 0.18884277 0.116770424 0.091033936 0.08098348 0.07519531 0.070505776 0.06326294 0.04805501 0.038909912 0.028717041 0.019744873 0.008656819 6.8155926E-4 0.0 
0.06852213 0.13960774 0.098225914 0.06229655 0.052195232 0.058858234 0.0679423 0.06438192 0.06733195 0.0742391 0.084360756 0.07683309 0.0697937 0.014760335 6.510417E-4 0.0 
0.07947794 0.14930217 0.16181438 0.13102214 0.09410604 0.07828776 0.06648763 0.05041504 0.040476482 0.03257243 0.028584799 0.025075277 0.026896158 0.030008951 0.0054219565 5.086263E-5 
0.12584431 0.13508098 0.113210045 0.118245445 0.11968994 0.12549846 0.08437093 0.050374348 0.03390503 0.026590982 0.020924887 0.016621908 0.015350342 0.01171875 0.002512614 6.1035156E-5 
0.08301798 0.1350301 0.12248739 0.11948649 0.11302694 0.08922323 0.06691488 0.047658283 0.036142986 0.032002766 0.032480877 0.0320638 0.041178387 0.041727703 0.007283529 2.746582E-4 
0.04212443 0.1337382 0.14834595 0.11868286 0.09407552 0.07518514 0.070892334 0.06068929 0.051127117 0.042592365 0.03749593 0.035502117 0.048899334 0.03810628 0.0025227864 2.0345053E-5 
0.0146993 0.06016032 0.1161499 0.16512044 0.16693115 0.14604695 0.13900757 0.06874593 0.04012044 0.025156656 0.018747965 0.013844808 0.011942546 0.010274251 0.0030008953 5.086263E-5 
0.12670898 0.12517293 0.10120646 0.03665161 0.030375162 0.031870525 0.048980713 0.07111613 0.10035197 0.10127767 0.09196981 0.053619385 0.059010822 0.021036783 6.510417E-4 0.0 
0.122406006 0.14910889 0.16744995 0.14216106 0.108683266 0.07548014 0.056193035 0.039326984 0.031178793 0.024749756 0.02146403 0.018422445 0.023203531 0.017211914 0.0028279622 1.3224284E-4 
0.054026287 0.12248739 0.19186401 0.1932373 0.16130574 0.10970052 0.067718506 0.034871418 0.019632975 0.01272583 0.009735107 0.0070902505 0.0069376626 0.0066630044 0.0019836426 2.0345053E-5 
0.44947305 0.09914144 0.07531738 0.06853231 0.054311115 0.040211994 0.028910318 0.024892172 0.022888184 0.021575928 0.019877115 0.020477295 0.029968262 0.03817749 0.006113688 1.3224284E-4 
0.12717693 0.08468628 0.09285482 0.0954183 0.12526448 0.12295532 0.12704468 0.08647665 0.054992676 0.03169759 0.022064209 0.015614827 0.0077412925 0.0037943523 0.0020955403 1.2207031E-4 
0.08921305 0.09073893 0.10468546 0.13497925 0.14898682 0.16903687 0.11406454 0.052978516 0.034901936 0.02230835 0.01558431 0.0115153 0.008402507 0.002298991 3.0517578E-4 0.0 
0.08880615 0.03733317 0.015126546 0.012532552 0.051259357 0.29517618 0.4214376 0.07756551 7.527669E-4 1.0172526E-5 0.0 0.0 0.0 0.0 0.0 0.0 
0.04449463 0.0057169595 0.0061442056 0.002298991 0.01687622 0.91238403 0.011769612 1.5258789E-4 9.1552734E-5 6.1035156E-5 1.0172526E-5 0.0 0.0 0.0 0.0 0.0 
0.18001302 0.07610067 0.09005737 0.09300741 0.06561279 0.08569336 0.12809245 0.1053772 0.07737223 0.048533123 0.020345053 0.010701497 0.009328206 0.007548014 0.0021565754 6.1035156E-5 
0.02746582 0.028767904 0.06975301 0.052530926 0.08156332 0.15309651 0.1713155 0.10135905 0.07144165 0.05545044 0.040863037 0.0421346 0.05159505 0.04928589 0.0032857258 9.1552734E-5 
0.06500244 0.07253011 0.09313965 0.05649821 0.06827799 0.077545166 0.11046346 0.12952678 0.10054525 0.07447306 0.064982094 0.030782064 0.029256186 0.018463135 0.008260091 2.5431314E-4 
6.510417E-4 0.032277424 0.10951742 0.65134686 0.14092 0.0113932295 0.006703695 0.0065307617 0.0067240396 0.0047200522 0.0035705566 0.004079183 0.005065918 0.007507324 0.00801595 9.765625E-4 
0.010040283 0.022623697 0.09378052 0.15238445 0.04006958 0.024790445 0.017415365 0.012878418 0.012786865 0.04175822 0.13951619 0.1666565 0.18647258 0.076700844 0.0020650227 6.1035156E-5 
0.101979576 0.009012858 0.005900065 0.070119224 0.7279765 0.077178955 0.0022888184 0.001566569 7.9345703E-4 5.086263E-4 6.00179E-4 5.289714E-4 5.6966144E-4 8.951823E-4 8.138021E-5 0.0 
0.047454834 0.11954752 0.12095133 0.111450195 0.13531494 0.16907756 0.16968791 0.0893046 0.019541422 0.0053710938 0.00289917 0.0015157064 0.0011088053 0.0017089844 0.0047810874 2.8483072E-4 
0.068725586 0.13885498 0.12539673 0.12086996 0.120015465 0.111206055 0.1006368 0.0713501 0.05097453 0.03232829 0.016906738 0.009999593 0.010304769 0.012573242 0.009470622 3.86556E-4 
0.055714924 0.08472697 0.20076497 0.22281902 0.18832397 0.12148031 0.037546795 0.019836426 0.015055339 0.014465332 0.013631185 0.008728027 0.008504231 0.0029296875 0.0051879883 2.8483072E-4 
0.1100057 0.12959798 0.23393758 0.17694092 0.1411438 0.09183756 0.037679035 0.017222086 0.009419759 0.008880615 0.011454265 0.010721843 0.01050822 0.005330404 0.0049947104 3.2552084E-4 
0.024709066 0.050435383 0.006754557 0.004313151 0.0039367676 0.0071411133 0.22207642 0.67266846 0.0047709146 8.1380206E-4 5.086263E-4 3.2552084E-4 5.6966144E-4 9.765625E-4 0.0 0.0 
0.07832845 0.14297485 0.28337607 0.2116801 0.13120525 0.06325277 0.023529053 0.010355632 0.0070902505 0.008605957 0.009104411 0.009450276 0.0077412925 0.0071004233 0.0058898926 3.153483E-4 
0.12720744 0.1396281 0.18897502 0.2058614 0.15628052 0.08139038 0.046651203 0.019602457 0.0075174966 0.005218506 0.006052653 0.0058492026 0.007059733 0.0022583008 3.86556E-4 6.1035156E-5 
0.036224365 0.08731079 0.08127848 0.09396362 0.19126384 0.27098593 0.17147827 0.023824057 0.006754557 0.0051879883 0.004811605 0.0066223145 0.0061950684 0.0060628257 0.0078125 2.2379558E-4 
0.004119873 0.004272461 0.004374186 0.02154541 0.29915366 0.6547038 0.0040690103 0.0025736492 0.0016682943 0.0011494955 9.969076E-4 7.1207684E-4 3.153483E-4 3.3569336E-4 1.0172526E-5 0.0 
0.16577148 0.18448894 0.15336101 0.14741008 0.13082886 0.10486857 0.054300945 0.016489664 0.006703695 0.005381266 0.0050455728 0.0061442056 0.009887695 0.008595784 6.9173175E-4 3.0517578E-5 
0.015726725 0.01698812 0.042714436 0.07432047 0.1355489 0.18873088 0.20050049 0.14159139 0.06141154 0.033650715 0.02415975 0.02440389 0.022359213 0.011861165 0.0060221353 1.0172526E-5 
0.06165568 0.61257935 0.053833008 0.007385254 0.0060933433 0.01063029 0.023345947 0.033569336 0.027191162 0.009643555 0.010203044 0.014862061 0.03975423 0.08847046 7.832845E-4 0.0 
0.03687541 0.13792928 0.21272786 0.19352214 0.10378011 0.069875084 0.058858234 0.043477375 0.028605143 0.020273844 0.016092936 0.012756348 0.01365153 0.029561361 0.021697998 3.153483E-4 
0.013773601 0.3540446 0.2964376 0.028025309 0.025583902 0.035247803 0.046081543 0.054941814 0.04480998 0.03353882 0.02202352 0.013071696 0.01184082 0.01876831 0.0017496744 6.1035156E-5 
0.25994873 0.10449219 0.07950846 0.069010414 0.065104164 0.06654867 0.07371012 0.06573486 0.057006836 0.046936035 0.035634357 0.029591879 0.033477783 0.013000488 2.644857E-4 3.0517578E-5 
0.05908203 0.10592651 0.04377238 0.051188152 0.1245931 0.19906616 0.21103923 0.11218262 0.031545002 0.014963786 0.012268066 0.0106709795 0.008148193 0.0067443848 0.008636475 1.7293294E-4 
0.034423828 0.08885702 0.17800903 0.27549234 0.2738851 0.120147705 0.0035095215 0.002726237 0.003092448 0.003926595 0.0039978027 0.002878825 0.0018920898 0.0019022623 0.0044047036 8.544922E-4 
0.016164145 0.060587566 0.14708455 0.2615153 0.19607544 0.055440266 0.026692709 0.018473307 0.01646932 0.016235352 0.021962484 0.026011148 0.03132121 0.060821533 0.044891357 2.5431314E-4 
0.041107178 0.09294637 0.14736938 0.109436035 0.11958822 0.1097819 0.107950844 0.07789103 0.06500244 0.05549113 0.03357951 0.01554362 0.0062764487 0.0076090493 0.010182698 2.4414062E-4 
0.018473307 0.02368164 0.034495037 0.0891215 0.18098958 0.19216919 0.12524414 0.086893715 0.07028198 0.059936523 0.04671224 0.03358968 0.019215902 0.013865153 0.0052490234 8.138021E-5 
0.005686442 0.014444987 0.14927165 0.30312094 0.50009155 0.01969401 0.0028177898 0.0024210613 8.951823E-4 5.086263E-4 3.9672852E-4 3.2552084E-4 1.2207031E-4 1.5258789E-4 5.086263E-5 0.0 
0.028900146 0.0814921 0.23032634 0.4126587 0.212972 0.006398519 0.0032552083 0.0027058918 0.0019124349 0.0014851888 0.0016886393 0.0019226074 0.0026753743 0.003753662 0.007446289 4.0690103E-4 
0.04333496 0.12165324 0.12916057 0.07599894 0.075398766 0.09679159 0.110687256 0.09391276 0.07481893 0.0777181 0.048227947 0.024180094 0.012034099 0.008707683 0.0068868003 4.8828125E-4 
0.117777504 0.15071614 0.19018555 0.18441772 0.11642456 0.08616129 0.04482015 0.031911213 0.024719238 0.0179952 0.012084961 0.008555095 0.0066019692 0.005299886 0.002085368 2.4414062E-4 
0.048095703 0.13305664 0.2790934 0.2237447 0.11735026 0.057291668 0.049672443 0.029500326 0.012969971 0.015350342 0.0135599775 0.007792155 0.005177816 0.0041097007 0.0030822754 1.5258789E-4 
0.14241536 0.15928142 0.19081624 0.12247721 0.0946757 0.095214844 0.08189901 0.043395996 0.02207438 0.013224284 0.010070801 0.008331299 0.007283529 0.006591797 0.002166748 8.138021E-5 
0.1346639 0.121531166 0.1298523 0.1436971 0.13670857 0.13842773 0.11289469 0.042958576 0.01542155 0.008514404 0.00491333 0.003672282 0.0033671062 0.0023701985 9.358724E-4 7.120768E-5 
0.14569092 0.12882487 0.13269043 0.11947632 0.11929321 0.1142985 0.0732015 0.050486248 0.03737386 0.030924479 0.023651123 0.013295491 0.006286621 0.0034484863 0.0010274252 3.0517578E-5 
0.09879557 0.15872192 0.09929403 0.08099365 0.08506266 0.10502116 0.11212158 0.09564209 0.055796307 0.036051434 0.020833334 0.010182698 0.005279541 0.008290608 0.027445475 4.679362E-4 
0.018788656 0.00902303 0.007171631 0.012502034 0.09396362 0.4308777 0.33066812 0.053588867 0.01727295 0.011169434 0.0039774575 0.0018920898 0.0011088053 0.001566569 0.005686442 7.425944E-4 
0.04313151 0.103139244 0.08429972 0.08948771 0.115865074 0.09951782 0.14672852 0.08226522 0.066701256 0.06540934 0.034769695 0.023284912 0.020161947 0.014455159 0.010691325 9.1552734E-5 
0.046122234 0.2717997 0.1806132 0.073394775 0.045450848 0.040527344 0.038157146 0.05230713 0.052073162 0.05638631 0.049682617 0.02787272 0.028198242 0.023244223 0.013885498 2.8483072E-4 
0.02271525 0.06554159 0.1744283 0.33436075 0.1492513 0.19248454 0.025146484 0.010579427 0.0064290366 0.0040384927 0.003112793 0.0023498535 0.0024210613 0.001953125 0.0046895347 4.984538E-4 
0.005584717 0.017201742 0.23025513 0.5323588 0.123168945 0.04643758 0.011077881 0.004221598 0.0074361167 0.011057536 0.0037841797 0.0012308756 0.0013020834 0.004180908 7.019043E-4 0.0 
0.053222656 0.077433266 0.0898234 0.06667074 0.08571371 0.2660726 0.16073608 0.07572428 0.04087321 0.032836914 0.024546305 0.015136719 0.007537842 0.0026346843 0.0010070801 3.0517578E-5 
0.039774578 0.038879395 0.05722046 0.050567627 0.059661865 0.06476847 0.072519936 0.08971151 0.1160787 0.12589519 0.15928142 0.0835673 0.02029419 0.01264445 0.008992513 1.4241536E-4 
0.31567383 0.18771362 0.14962769 0.14383952 0.100128174 0.02947998 0.012980144 0.0077311196 0.005472819 0.004679362 0.0042419434 0.0041503906 0.0043029785 0.011617024 0.018218994 1.4241536E-4 
0.25776163 0.21478271 0.14328003 0.11051432 0.106160484 0.07091268 0.036315918 0.016581217 0.008392334 0.005106608 0.0038553874 0.0037027996 0.0043436685 0.007425944 0.010325114 5.3914386E-4 
0.041463215 0.07911173 0.12610881 0.13210042 0.15329997 0.18156941 0.14029948 0.066233315 0.036824543 0.016611734 0.007975261 0.004333496 0.0033569336 0.004587809 0.005910238 2.1362305E-4 
0.1416626 0.24655151 0.18774414 0.102874756 0.080556236 0.05779012 0.051198322 0.037475586 0.02557373 0.01936849 0.014628093 0.010925293 0.008565267 0.008066813 0.006825765 1.93278E-4 
0.00777181 0.017506918 0.034169514 0.06265259 0.8237813 0.030222574 0.01441447 0.0044047036 0.001373291 0.0011088053 6.9173175E-4 5.086263E-4 5.493164E-4 5.086263E-4 3.2552084E-4 1.0172526E-5 
0.056121826 0.09475708 0.093699135 0.11054484 0.15983073 0.17000325 0.13434856 0.08202108 0.039957684 0.020284018 0.01171875 0.009114583 0.0061950684 0.005320231 0.0053710938 7.1207684E-4 
0.020050049 0.08694458 0.1525472 0.22227986 0.19151814 0.13442993 0.06754557 0.033742268 0.023010254 0.016998291 0.013132731 0.0095825195 0.007965088 0.009328206 0.010559082 3.6621094E-4 
0.03008016 0.095062256 0.24289958 0.1274821 0.07184855 0.057128906 0.036315918 0.04385376 0.03881836 0.041859943 0.049631756 0.04593913 0.054463703 0.057322185 0.007273356 2.0345053E-5 
0.059733074 0.1266988 0.14273071 0.11855062 0.134552 0.13472493 0.08969116 0.07067871 0.04248047 0.027791342 0.017344156 0.01453654 0.008392334 0.006011963 0.0057678223 3.153483E-4 
0.013468425 0.010142009 0.029937744 0.15619914 0.36360678 0.33170572 0.08606974 0.0043029785 0.0013936361 9.053548E-4 7.527669E-4 6.1035156E-4 4.0690103E-4 2.9500326E-4 2.0345052E-4 0.0 
0.069885254 0.025787354 0.02195231 0.023203531 0.074269615 0.20019531 0.32165527 0.22832234 0.011149089 0.00978597 0.0069885254 0.004160563 0.0020751953 5.289714E-4 4.0690105E-5 0.0 
0.06562296 0.092915855 0.10103353 0.11212158 0.13383992 0.13012695 0.12349447 0.08880615 0.05147298 0.029307047 0.023061117 0.015258789 0.012746175 0.011281331 0.008677165 2.339681E-4 
0.030710855 0.060516357 0.19739787 0.3398641 0.10592651 0.05223592 0.038116455 0.027018229 0.019521078 0.0146484375 0.01260376 0.011342366 0.016113281 0.040771484 0.03319295 2.0345053E-5 
0.048706055 0.057088215 0.07582601 0.09075928 0.10975138 0.11622111 0.11236572 0.09939575 0.16157024 0.079844154 0.019388834 0.011006673 0.0075887046 0.005381266 0.004384359 7.2224933E-4 
0.015472412 0.01615397 0.024007162 0.045878094 0.058736164 0.0771993 0.12797038 0.25683594 0.2270406 0.106170654 0.02372233 0.009012858 0.004231771 0.0031433105 0.0039876304 4.374186E-4 
0.051239014 0.08277384 0.09347534 0.098734535 0.09780884 0.08509318 0.07865397 0.06512451 0.05460612 0.06338501 0.07590739 0.06206258 0.04925537 0.03842163 0.0034484863 1.0172526E-5 
0.04075114 0.08716837 0.09698486 0.08481852 0.089426674 0.10332235 0.12754314 0.099375404 0.07172648 0.04401652 0.026824951 0.019663492 0.0179952 0.042683918 0.04720052 4.984538E-4 
0.033793133 0.04671224 0.08857218 0.10582479 0.15123494 0.11844889 0.079711914 0.12094116 0.121805824 0.059468586 0.050404865 0.0082804365 0.0049743652 0.004292806 0.0049235024 6.1035156E-4 
0.067718506 0.06956991 0.074910484 0.07369995 0.056803387 0.04812622 0.07444254 0.1054484 0.11620077 0.13683064 0.12862141 0.030751547 0.007059733 0.0039876304 0.0054829917 3.4586588E-4 
0.078430176 0.10305786 0.18778484 0.08508301 0.028737387 0.019297281 0.017649332 0.019541422 0.110209145 0.2277832 0.11528524 0.0049235024 0.0015157064 6.205241E-4 8.138021E-5 0.0 
0.092152916 0.1115214 0.09953817 0.07957967 0.07184855 0.0758667 0.08698527 0.08508301 0.091440834 0.12147013 0.051188152 0.019632975 0.008687337 0.0042419434 7.527669E-4 1.0172526E-5 
0.06373087 0.106892906 0.10929362 0.08791097 0.06976318 0.05939738 0.060201008 0.062388103 0.06525675 0.0780131 0.11455282 0.075520836 0.027526855 0.012298584 0.0065104165 7.425944E-4 
0.026326498 0.054819744 0.099609375 0.11830648 0.117767334 0.08540853 0.11078898 0.14527385 0.11229452 0.07070923 0.01993815 0.012980144 0.010335286 0.008514404 0.0061543784 7.73112E-4 
0.106191 0.08404541 0.05476888 0.045959473 0.057332356 0.08318075 0.3091024 0.07078043 0.04654948 0.026519775 0.018859863 0.019877115 0.024505615 0.029785156 0.021596273 9.460449E-4 
0.20794678 0.102874756 0.08626302 0.08584595 0.09157308 0.09084066 0.0754598 0.057118732 0.056355793 0.040771484 0.031921387 0.025777182 0.024871826 0.018503824 0.0037638347 1.1189779E-4 
0.0381368 0.023742676 0.030059814 0.034749348 0.32295737 0.2556254 0.02787272 0.035380047 0.053985596 0.06605021 0.051513672 0.031107584 0.016784668 0.010599772 0.0013834635 5.086263E-5 
0.025716146 0.03955078 0.045399982 0.058502197 0.35936484 0.15917969 0.04023234 0.044881184 0.058380127 0.061197918 0.051239014 0.029754639 0.015879313 0.0073547363 0.0033671062 0.0 
0.092549644 0.09039307 0.06940714 0.07832845 0.12057495 0.14712524 0.116617836 0.08943685 0.06588745 0.056549072 0.03470866 0.018788656 0.009338379 0.005004883 0.004740397 5.493164E-4 
0.27165732 0.1105245 0.092163086 0.079956055 0.074035645 0.09914144 0.10587565 0.068349205 0.03911336 0.019073486 0.0076700845 0.004221598 0.0031840007 0.012023926 0.012715657 2.9500326E-4 
0.10606893 0.01711019 0.008555095 0.043355305 0.1678365 0.28989664 0.3200887 0.034169514 0.0039978027 0.0037027996 0.002665202 0.0014851888 0.0010579427 1.0172526E-5 0.0 0.0 
0.10825602 0.04192098 0.01260376 0.009674072 0.027923584 0.10762533 0.35365805 0.2962748 0.024108887 0.0043233237 0.002614339 0.0016886393 0.0018412272 0.007039388 4.4759116E-4 0.0 
0.23523967 0.2128601 0.1943156 0.12789917 0.1204834 0.06327311 0.01763916 0.00487264 0.0025634766 0.0019938152 0.001780192 0.0018717448 0.0022481282 0.0059407554 0.0068969727 1.2207031E-4 
0.21216838 0.32654825 0.22334798 0.14701335 0.031850178 0.01634725 0.005971273 0.003560384 0.002298991 0.0020955403 0.0018412272 0.0020141602 0.0026346843 0.0069986978 0.014973958 3.3569336E-4 
0.03531901 0.1116333 0.15470378 0.14053345 0.10555013 0.09920248 0.0891215 0.064208984 0.04360962 0.034057617 0.02787272 0.025522867 0.023864746 0.026184082 0.018096924 5.187988E-4 
0.032491047 0.075805664 0.09999593 0.20719402 0.11653646 0.09510294 0.07860311 0.047790527 0.037913006 0.030456543 0.026682535 0.028147379 0.034118652 0.05864461 0.029856363 6.612142E-4 
0.029581705 0.039845783 0.04514567 0.05739339 0.08017985 0.10602824 0.10897827 0.09161377 0.074656166 0.06793213 0.05609131 0.047292072 0.052022297 0.0981547 0.04414876 9.358724E-4 
0.5986125 0.08134969 0.06542969 0.057240803 0.04756673 0.038594563 0.031901043 0.025024414 0.019104004 0.012430827 0.00894165 0.005432129 0.0038960774 0.00298055 0.0014444987 5.086263E-5 
0.1293335 0.17537434 0.15171306 0.096598305 0.079447426 0.064829506 0.07335409 0.07281494 0.057210285 0.026204428 0.013763428 0.012247722 0.014200847 0.01876831 0.013865153 2.746582E-4 
0.021870932 0.028330484 0.044830322 0.06796265 0.08908081 0.105051674 0.12625122 0.11468506 0.09351603 0.07232666 0.064320885 0.05991618 0.052561443 0.042500813 0.01651001 2.8483072E-4 
0.013468425 0.013631185 0.017771402 0.02798462 0.063975014 0.111979164 0.21794637 0.2799479 0.13521321 0.065093994 0.031260174 0.010528564 0.0036824543 0.0027160645 0.0043640137 4.374186E-4 
0.02255249 0.03420003 0.039347332 0.05162557 0.07926432 0.10521444 0.17214966 0.22462972 0.10764567 0.03660075 0.025024414 0.024332682 0.02407837 0.029368082 0.023406982 5.5948895E-4 
0.03938802 0.06842041 0.1425883 0.15397136 0.13167317 0.099863686 0.10852051 0.12582397 0.07711792 0.029042562 0.009714763 0.004292806 0.0030314128 0.0024617512 0.0034281414 6.612142E-4 
0.011484782 0.033599854 0.078440346 0.18022664 0.18336995 0.12479655 0.06648763 0.040354412 0.037556965 0.041870117 0.050649006 0.06056722 0.056518555 0.025187174 0.008595784 2.9500326E-4 
0.03532918 0.06225586 0.08657837 0.09454346 0.12797038 0.15890503 0.15360515 0.12174479 0.08270264 0.042236328 0.01675415 0.00684611 0.00394694 0.0043436685 0.0020243328 2.1362305E-4 
0.009633382 0.03704834 0.056722004 0.043884277 0.03812663 0.033996582 0.030598959 0.07105509 0.11898804 0.14422607 0.11872355 0.12879436 0.10493978 0.05380249 0.009267171 1.93278E-4 
0.0038655598 0.0577596 0.035888672 0.015319824 0.012308757 0.010538737 0.011220296 0.018056234 0.08066813 0.21272786 0.08619181 0.05512492 0.07393392 0.26039633 0.06541952 5.79834E-4 
0.04377238 0.10372925 0.10144043 0.08329264 0.108673096 0.12883504 0.13740031 0.124186195 0.08176676 0.03800456 0.01864624 0.010650635 0.007059733 0.0054626465 0.0065714517 5.086263E-4 
0.010111491 0.014109294 0.020935059 0.039408367 0.08093262 0.13002522 0.16692097 0.18406169 0.17224121 0.09209188 0.05876668 0.021820068 0.0058898926 0.0011494955 0.0012105306 3.2552084E-4 
0.016316732 0.028493246 0.058247883 0.10947672 0.16319783 0.21506755 0.18851726 0.10785929 0.05082194 0.02126058 0.013285319 0.009114583 0.00696818 0.0065714517 0.0046691895 1.3224284E-4 
0.040445965 0.12135824 0.12784831 0.10131836 0.104766846 0.10423788 0.10042318 0.08029175 0.05678304 0.03825887 0.028116861 0.02360026 0.03652954 0.031585693 0.004221598 2.1362305E-4 
0.04704793 0.07655843 0.07221476 0.08394369 0.10064697 0.09397379 0.072255455 0.058939617 0.054982502 0.05174764 0.06287638 0.05826823 0.05259196 0.07182821 0.041483562 6.4086914E-4 
0.010640462 0.013163249 0.02428182 0.049519856 0.118387856 0.17956543 0.219045 0.19773357 0.10646566 0.040405273 0.019195557 0.0087178545 0.0050455728 0.0042012534 0.0028381348 7.9345703E-4 
0.088246666 0.06576538 0.21594238 0.18736775 0.15394084 0.14806111 0.08014933 0.021046957 0.012034099 0.009216309 0.005971273 0.0034484863 0.0022074382 0.0021158855 0.0035807292 9.053548E-4 
0.019297281 0.023620605 0.02557373 0.039713543 0.07344564 0.133372 0.19238281 0.18921916 0.14429729 0.08653768 0.036834717 0.015380859 0.00902303 0.0060628257 0.004445394 7.9345703E-4 
0.016805014 0.022226969 0.027842203 0.043762207 0.0853068 0.1522115 0.189799 0.2050476 0.14991252 0.05722046 0.024790445 0.011525472 0.005167643 0.0038350422 0.003967285 5.79834E-4 
0.012613933 0.015960693 0.021209717 0.047973633 0.09730021 0.16819255 0.24791463 0.23980713 0.09250895 0.030578613 0.010060628 0.005167643 0.0035909016 0.0028584797 0.0037027996 5.5948895E-4 
0.01969401 0.03343709 0.049662273 0.10181681 0.2076009 0.27313232 0.19569905 0.076924644 0.018920898 0.0070088706 0.003519694 0.0029500325 0.0024515789 0.0022786458 0.004272461 6.306966E-4 
0.021993002 0.04239909 0.048360188 0.060872395 0.10802206 0.16246541 0.16253662 0.12388102 0.097351074 0.07939657 0.052174885 0.020812988 0.010131836 0.0052490234 0.0038248699 5.289714E-4 
0.021087646 0.041493732 0.06347656 0.13167317 0.18303426 0.1927185 0.1650594 0.1134847 0.046813965 0.016052246 0.008961995 0.005320231 0.0031229656 0.0030415852 0.003753662 9.053548E-4 
0.019144693 0.054819744 0.09107462 0.11077881 0.1453654 0.1529948 0.14031982 0.11763509 0.07788086 0.04498291 0.020609537 0.009541829 0.005472819 0.004170736 0.004465739 7.425944E-4 
0.023406982 0.043965656 0.062123615 0.09775797 0.14984131 0.17932129 0.15015666 0.11506144 0.07745361 0.045399982 0.02545166 0.014455159 0.0075174966 0.0044555664 0.002878825 7.527669E-4 
0.509196 0.1081543 0.076293945 0.05154419 0.04203288 0.039174397 0.032277424 0.029062906 0.025726318 0.022206625 0.022633871 0.014841716 0.008626302 0.009114583 0.008260091 8.544922E-4 
0.014180501 0.02267456 0.033203125 0.034861248 0.07798258 0.13175456 0.17789714 0.18014526 0.12993367 0.09061686 0.054463703 0.02863566 0.0127665205 0.00592041 0.004333496 6.306966E-4 
0.03230794 0.07848104 0.10935465 0.12265015 0.15261841 0.17605591 0.13932292 0.09222412 0.051279705 0.02202352 0.008839925 0.0041097007 0.0031840007 0.0024922688 0.004587809 4.679362E-4 
0.024637857 0.044799805 0.059783936 0.05734253 0.06607056 0.081451416 0.111338295 0.13248698 0.14534505 0.11092123 0.08052572 0.0423584 0.024953207 0.012573242 0.005330404 8.138021E-5 
0.07033285 0.13275146 0.18131511 0.17915852 0.14131673 0.0956014 0.057861328 0.045684814 0.034861248 0.022165934 0.011983235 0.0077209473 0.005533854 0.007181803 0.0061543784 3.7638345E-4 
0.13485718 0.121683754 0.09790039 0.07118734 0.06265259 0.062672935 0.05600993 0.045898438 0.045013428 0.048909504 0.054392498 0.05967204 0.06374105 0.06415812 0.011016846 2.339681E-4 
0.05863444 0.05029297 0.02617391 0.026692709 0.04699707 0.057729084 0.066986084 0.04724121 0.040893555 0.07309977 0.0893453 0.07309977 0.099375404 0.15712483 0.08558146 7.324219E-4 
0.028411865 0.033325195 0.03933716 0.05026245 0.07078043 0.096343994 0.12995403 0.16366577 0.1659139 0.106170654 0.05795288 0.03020223 0.015126546 0.0076904297 0.0045776367 2.8483072E-4 
0.12272135 0.12627156 0.054189045 0.06856283 0.07081095 0.06945801 0.085744224 0.092305504 0.0842692 0.06879679 0.0566508 0.04559326 0.031188965 0.01679484 0.006245931 3.9672852E-4 
0.035410564 0.0510966 0.058736164 0.05977376 0.056915283 0.055409748 0.05130005 0.03760783 0.02835083 0.027191162 0.046396893 0.12474569 0.06696574 0.21212769 0.087412514 5.5948895E-4 
0.036102295 0.06940714 0.19078572 0.14731853 0.054555256 0.04530843 0.03937785 0.045216877 0.05802409 0.073791504 0.090861 0.08832804 0.04547119 0.009775798 0.005493164 1.8310547E-4 
0.09775797 0.040618896 0.05008952 0.07221476 0.09059652 0.11254883 0.15579224 0.15879314 0.110951744 0.059987385 0.0256958 0.010559082 0.005472819 0.0038146973 0.0047810874 3.2552084E-4 
0.034922283 0.050272625 0.07183838 0.08907064 0.100250244 0.089782715 0.08265177 0.06983439 0.05886841 0.04316203 0.034932453 0.043355305 0.13886516 0.056355793 0.034627277 0.0012105306 
0.006490072 0.017985025 0.018513998 0.035308838 0.072133385 0.104777016 0.14848836 0.16335042 0.10964966 0.03692627 0.03736369 0.045237225 0.066355385 0.10732015 0.03008016 2.0345053E-5 
0.120381676 0.0910848 0.09439087 0.09159342 0.0850118 0.08683268 0.09081014 0.0892334 0.084106445 0.07241821 0.045583088 0.0258077 0.013224284 0.0063476562 0.0029500325 2.2379558E-4 
0.029215494 0.044189453 0.057200115 0.06294759 0.062204998 0.069112144 0.086130776 0.060628254 0.030629477 0.017415365 0.014963786 0.0345459 0.3059896 0.08251953 0.040618896 0.0016886393 
0.019042969 0.0769043 0.10962931 0.12206014 0.1587321 0.13671875 0.11238607 0.04480998 0.038340252 0.035064697 0.033650715 0.031280518 0.027211508 0.03108724 0.02247111 6.1035156E-4 
0.018829346 0.037913006 0.07563273 0.08525594 0.08835856 0.07200114 0.07172648 0.090667725 0.12301636 0.121144615 0.07582601 0.048482258 0.07559204 0.015492757 6.1035156E-5 0.0 
0.32744345 0.21342976 0.14457195 0.07120768 0.05178833 0.03902181 0.03230794 0.027862549 0.025431314 0.019917807 0.014678955 0.010986328 0.0079243975 0.0067342124 0.006439209 2.5431314E-4 
0.054951984 0.060913086 0.06931559 0.08012899 0.09562174 0.10620117 0.12831624 0.13673909 0.120259605 0.073150635 0.038879395 0.018849691 0.0079243975 0.0045572915 0.0038655598 3.2552084E-4 
0.03398641 0.055826824 0.088419594 0.14438884 0.14351399 0.11753336 0.11162313 0.09486898 0.075398766 0.054951984 0.035380047 0.021270752 0.012145996 0.0068969727 0.0034484863 3.4586588E-4 
0.029246012 0.056172688 0.09869385 0.1308492 0.102132164 0.05517578 0.0473938 0.04569499 0.04570516 0.048136394 0.06599935 0.08494059 0.095581055 0.0696818 0.02440389 1.93278E-4 
0.06131999 0.122528076 0.1786499 0.10481771 0.039469402 0.03737386 0.04421997 0.12879436 0.14961751 0.07713827 0.013071696 0.010375977 0.011271159 0.010904948 0.010294597 1.5258789E-4 
0.17323811 0.11642456 0.04680379 0.038269043 0.088124596 0.10462443 0.07248942 0.066986084 0.06537882 0.060699463 0.051310223 0.05822754 0.033355713 0.02089437 0.0028076172 3.6621094E-4 
0.29480997 0.10683187 0.06282552 0.052144367 0.040618896 0.021799723 0.016072592 0.018737793 0.026285807 0.058980305 0.09638468 0.099375404 0.0641276 0.03230794 0.008453369 2.4414062E-4 
0.15398152 0.14517212 0.1243693 0.07169596 0.04972331 0.04168701 0.051015217 0.04932658 0.04301961 0.036519367 0.039194744 0.040985107 0.054270428 0.07987467 0.017578125 0.0015869141 
0.38687134 0.046284992 0.05714925 0.07860311 0.089263916 0.08980306 0.0491333 0.032908123 0.034556072 0.03874715 0.02516683 0.025360107 0.030212402 0.01159668 0.0037333171 6.1035156E-4 
0.025004068 0.04909261 0.10811361 0.17305501 0.118896484 0.038686115 0.019683838 0.020395914 0.025787354 0.033559162 0.057963055 0.12047323 0.10317993 0.07752482 0.028116861 4.679362E-4 
0.05741374 0.06616211 0.026519775 0.036702473 0.0759786 0.100626625 0.07549032 0.090148926 0.107798256 0.10177612 0.08348592 0.067342125 0.0804952 0.027435303 0.0026041667 2.0345053E-5 
0.1882019 0.22828166 0.09359741 0.040059406 0.03519694 0.04244995 0.017496744 0.009867351 0.008361816 0.009053548 0.013519287 0.02150472 0.053497314 0.17793782 0.059733074 0.0012410482 
0.26052856 0.21508789 0.1592509 0.10182699 0.06088257 0.048634846 0.038330078 0.02730306 0.021942139 0.011657715 0.00877889 0.009684245 0.011708577 0.014109294 0.009572347 7.019043E-4 
0.0256958 0.07424927 0.17685954 0.19760132 0.14211018 0.07296753 0.06460571 0.06275431 0.05489095 0.046132404 0.045277912 0.011332194 0.009145101 0.008178711 0.008087158 1.1189779E-4 
0.028676352 0.033243816 0.066345215 0.15410359 0.16289265 0.15651448 0.09739176 0.072133385 0.0771993 0.07107544 0.046366375 0.016092936 0.008188884 0.006754557 0.0030110676 1.0172526E-5 
0.028808594 0.055114746 0.087524414 0.0748291 0.041453045 0.033406574 0.04058838 0.048797607 0.06144206 0.084116615 0.12752278 0.08919271 0.10435995 0.103027344 0.019724527 9.1552734E-5 
0.37183633 0.08468628 0.03874715 0.025563559 0.024424234 0.021280924 0.016743978 0.014709473 0.018015543 0.03677368 0.06983439 0.09473673 0.1010437 0.072397865 0.008585612 6.205241E-4 
0.058186848 0.044230144 0.04555257 0.042907715 0.04147339 0.06588745 0.10212199 0.12730916 0.15784709 0.13378906 0.097829185 0.04869588 0.018747965 0.0093688965 0.0059305825 1.2207031E-4 
0.32206216 0.085367836 0.036794025 0.02810669 0.028747559 0.03142293 0.037078857 0.040700275 0.044840496 0.048339844 0.062795006 0.10164388 0.07860311 0.038808186 0.014180501 5.086263E-4 
0.035095215 0.03479004 0.024180094 0.029418945 0.018666586 0.018992105 0.017751059 0.01610311 0.2901815 0.44332886 0.019276937 0.016215006 0.016805014 0.013031006 0.0060017905 1.6276042E-4 
0.05637614 0.088134766 0.07377116 0.079549156 0.0913798 0.10396322 0.104888916 0.09289551 0.073272705 0.055847168 0.042551678 0.034891766 0.0359904 0.048634846 0.01723226 6.205241E-4 
0.04071045 0.11650594 0.16113281 0.13530476 0.09592692 0.07662964 0.06776937 0.062367756 0.058258057 0.055918377 0.045267742 0.036397297 0.024943033 0.01767985 0.0050557456 1.3224284E-4 
0.073903404 0.13975017 0.13397217 0.10002645 0.09223429 0.07677206 0.06242879 0.056111652 0.054941814 0.05977376 0.056691486 0.03250122 0.026367188 0.021087646 0.013224284 2.1362305E-4 
0.19241333 0.14785767 0.089782715 0.07495117 0.07745361 0.064463295 0.043467205 0.028605143 0.02444458 0.022521973 0.022918701 0.026967367 0.037628174 0.08301798 0.06253052 9.765625E-4 
0.020863852 0.020904541 0.013844808 0.018218994 0.046569824 0.0721639 0.064097084 0.04623413 0.049468994 0.10757446 0.1665039 0.17578125 0.15980022 0.035980225 0.00197347 2.0345053E-5 
0.029439291 0.039031982 0.03446452 0.04743449 0.07181803 0.09626261 0.12236532 0.1543274 0.14985149 0.117767334 0.072794594 0.036254883 0.015940348 0.0078023276 0.004007975 4.374186E-4 
0.014638265 0.024190268 0.03463745 0.04360962 0.052927654 0.049916584 0.22333781 0.37095132 0.072743736 0.051157635 0.0258077 0.015258789 0.009175618 0.0062154136 0.004801432 6.306966E-4 
0.019022623 0.040578205 0.098246254 0.19510905 0.24061076 0.17708333 0.09490967 0.05033366 0.0288798 0.015940348 0.010203044 0.006459554 0.004679362 0.0071614585 0.01071167 7.120768E-5 
0.025634766 0.061279297 0.06374105 0.029632568 0.016164145 0.011484782 0.014363606 0.018554688 0.020599365 0.017771402 0.01893107 0.07611084 0.3993937 0.20925903 0.016866049 2.1362305E-4 
0.021107992 0.06566366 0.11743164 0.12023926 0.10953776 0.097473145 0.09792074 0.09743246 0.07858276 0.052907307 0.044718426 0.047475178 0.034250896 0.013142903 0.0020141602 1.0172526E-4 
0.017893473 0.04336548 0.059621174 0.089650474 0.1077067 0.11786906 0.13183594 0.12652588 0.104899086 0.070617676 0.04694621 0.03636678 0.020385742 0.014007568 0.010121663 0.002187093 
0.012654622 0.013671875 0.023590088 0.04857381 0.09920248 0.113698326 0.08838908 0.05105591 0.016174316 0.01175944 0.0079956055 0.10230509 0.31472778 0.08513387 0.010986328 8.138021E-5 
0.018147787 0.009562175 0.0087382 0.014801025 0.057993572 0.22480266 0.3711548 0.066579185 0.0036315918 0.0028279622 0.0067443848 0.009033203 0.022888184 0.13053386 0.052561443 0.0 
0.011108398 0.0146993 0.016642252 0.026438395 0.04680379 0.13966878 0.25297037 0.1927592 0.0769043 0.03789266 0.062001545 0.07181803 0.03736369 0.008249919 0.0043538413 3.2552084E-4 
0.020853678 0.032643635 0.03933716 0.04393514 0.06311035 0.11360677 0.12745158 0.08943685 0.07822672 0.20609538 0.15406291 0.013743083 0.0050964355 0.0053710938 0.006978353 5.086263E-5 
0.0038248699 0.026967367 0.06862386 0.10310873 0.076182045 0.039489746 0.022216797 0.013509114 0.3046061 0.31020102 0.019663492 0.0024922688 0.002319336 0.0047200522 0.0020039876 7.120768E-5 
0.020792643 0.04819743 0.118764244 0.21706136 0.2353719 0.15522258 0.08508301 0.045806885 0.025970459 0.014485677 0.008290608 0.0055135093 0.004160563 0.0056762695 0.009541829 6.1035156E-5 
0.030924479 0.05392456 0.0948995 0.10344442 0.09153239 0.106770836 0.12413534 0.11050415 0.08698527 0.05915324 0.040303547 0.030314127 0.03647868 0.016886393 0.011657715 0.002085368 
0.055704754 0.105539955 0.20888264 0.22383626 0.16367595 0.098368324 0.054341633 0.03060913 0.016581217 0.00978597 0.0071411133 0.00579834 0.0066019692 0.0073649087 0.0056762695 9.1552734E-5 
0.018178305 0.031636555 0.038330078 0.06283569 0.08281454 0.085876465 0.08164469 0.2902527 0.23931885 0.024312338 0.014963786 0.011189778 0.007497152 0.00587972 0.0044962564 7.73112E-4 
0.024261475 0.043955486 0.029551188 0.032918293 0.052581787 0.09245809 0.21010335 0.13660686 0.15314738 0.15823364 0.019805908 0.013193767 0.010325114 0.012502034 0.010345459 1.0172526E-5 
0.012542725 0.020100912 0.024342855 0.042510986 0.09017944 0.18891399 0.26576743 0.19401042 0.079823814 0.035654705 0.017862955 0.010579427 0.007171631 0.0050354004 0.0051879883 3.153483E-4 
0.024058023 0.035369873 0.028411865 0.019734701 0.015808105 0.02000936 0.038269043 0.059377033 0.06117757 0.047220867 0.030954996 0.09701538 0.24621582 0.26245117 0.013722737 2.0345052E-4 
0.01626587 0.01622518 0.024871826 0.051045734 0.088907875 0.11373901 0.11705526 0.09401449 0.08258057 0.092325844 0.13079834 0.101379395 0.046274822 0.01856486 0.005859375 9.1552734E-5 
0.02428182 0.04969279 0.09592692 0.12348429 0.14128621 0.16032918 0.1534729 0.11063639 0.063700356 0.032735188 0.017089844 0.010314941 0.008290608 0.0056152344 0.002960205 1.8310547E-4 
0.018320719 0.04550171 0.04984538 0.05596924 0.06133016 0.07144165 0.08569336 0.13268025 0.1584676 0.15307617 0.08893839 0.05246989 0.019958496 0.004465739 0.0018107096 3.0517578E-5 
0.067830406 0.07055664 0.08312988 0.097218834 0.08845011 0.08061727 0.084493004 0.07544962 0.06651815 0.06258138 0.057088215 0.0524292 0.057118732 0.042958576 0.012552897 0.0010070801 
0.058298748 0.048268635 0.09347534 0.16556804 0.11063639 0.09364828 0.09843954 0.11670939 0.115000404 0.058573406 0.01961263 0.009226481 0.00495402 0.0029093425 0.0040690103 6.1035156E-4 
0.043253582 0.06263224 0.063568115 0.05923462 0.06695557 0.07898966 0.0947876 0.10681152 0.10771688 0.10169474 0.12189738 0.059214275 0.017211914 0.0077311196 0.0074666343 8.3414715E-4 
0.05203247 0.07353719 0.073018394 0.07861328 0.088907875 0.095225014 0.09531657 0.09011841 0.08432007 0.076171875 0.064829506 0.052317303 0.038401287 0.026570639 0.010426839 1.93278E-4 
0.047821045 0.05058797 0.045450848 0.054901123 0.072906494 0.097595215 0.12384033 0.14097087 0.108795166 0.08456421 0.07484945 0.054473877 0.02355957 0.00970459 0.009409587 5.6966144E-4 
0.036132812 0.07148234 0.07816569 0.073903404 0.07837931 0.085998535 0.0993042 0.099232994 0.087259926 0.0743103 0.063201904 0.0482076 0.041483562 0.041056316 0.021392822 4.8828125E-4 
0.09296671 0.042226154 0.052947998 0.061360676 0.097462974 0.22277832 0.1879069 0.08186849 0.05637614 0.030059814 0.017313639 0.011464437 0.011199951 0.025878906 0.0076090493 5.79834E-4 
0.022003174 0.023701986 0.023905436 0.025705973 0.035949707 0.054270428 0.08658854 0.11796061 0.12874348 0.123809814 0.059387207 0.022989908 0.01828003 0.10734049 0.14912923 2.339681E-4 
0.079325356 0.07964071 0.073262535 0.0725708 0.08118693 0.10109457 0.11667887 0.11162313 0.0843811 0.06104533 0.04607137 0.032521565 0.024424234 0.016581217 0.017985025 0.0016072592 
0.050669353 0.06028239 0.048543293 0.054392498 0.06796265 0.090799965 0.11329142 0.11767578 0.119394936 0.09615072 0.079182945 0.055389404 0.025014242 0.009307861 0.011708577 2.339681E-4 
0.0825704 0.0657959 0.09951782 0.113108315 0.13700359 0.12308756 0.13720703 0.12618001 0.06572469 0.020996094 0.009572347 0.005818685 0.004211426 0.0037231445 0.005126953 3.5603842E-4 
0.06807455 0.087636314 0.14287312 0.15160115 0.15689087 0.14476521 0.106913246 0.07120768 0.03333537 0.008514404 0.0057271323 0.005432129 0.003967285 0.0041097007 0.008646647 3.0517578E-4 
0.041941326 0.05223592 0.041666668 0.046051025 0.058939617 0.0736796 0.08342489 0.07485962 0.05822754 0.05186971 0.0496521 0.064687096 0.09875488 0.12508138 0.07816569 7.6293945E-4 
0.049397785 0.14493816 0.23372395 0.12063599 0.06415812 0.054748535 0.055419922 0.06790161 0.076293945 0.058186848 0.032114666 0.016825357 0.009602864 0.009226481 0.006632487 1.93278E-4 
0.034973145 0.079589844 0.11552938 0.15101115 0.15111287 0.15230305 0.134847 0.08236694 0.04570516 0.024892172 0.014770508 0.008707683 0.003560384 6.205241E-4 1.0172526E-5 0.0 
0.06555176 0.26963297 0.12612915 0.107666016 0.14224243 0.1928304 0.08444214 0.0060933433 0.002085368 0.0013224283 8.239746E-4 5.086263E-4 4.1707358E-4 2.1362305E-4 4.0690105E-5 0.0 
0.01905314 0.030822754 0.040649414 0.061075848 0.080586754 0.1075236 0.112345375 0.08194987 0.06391398 0.05637614 0.054453533 0.052785236 0.061116535 0.13116455 0.04566447 5.187988E-4 
0.044158936 0.092915855 0.074035645 0.0615743 0.05183919 0.04881795 0.04880778 0.04819743 0.052134197 0.07172648 0.09266154 0.10421753 0.1076355 0.07778931 0.023345947 1.4241536E-4 
0.020629883 0.0140686035 0.012654622 0.016133627 0.02238973 0.05248006 0.11827596 0.20154826 0.19552612 0.14741008 0.096720375 0.06335449 0.026570639 0.0076904297 0.0036824543 8.6466473E-4 
0.050872803 0.08906046 0.09632365 0.10975138 0.10902914 0.099863686 0.08995565 0.071614586 0.059346516 0.05170695 0.045389812 0.040964764 0.036458332 0.033203125 0.015889486 5.6966144E-4 
0.0066019692 0.022705078 0.03250122 0.05117798 0.07433065 0.11773682 0.16438802 0.20158894 0.15165202 0.12566121 0.050913494 6.205241E-4 1.0172526E-4 2.0345053E-5 0.0 0.0 
0.011728923 0.016255697 0.027567545 0.08267212 0.14783733 0.16399129 0.16858928 0.16687012 0.12694295 0.07305908 0.01159668 0.0016682943 7.832845E-4 4.1707358E-4 2.0345053E-5 0.0 
0.14927165 0.18300374 0.14435832 0.115224205 0.09135946 0.07563273 0.07108561 0.07272339 0.058451336 0.03125 0.0060628257 0.0015055338 6.1035156E-5 1.0172526E-5 0.0 0.0 
0.021443686 0.03938802 0.059326172 0.101989746 0.14758301 0.09539795 0.06354777 0.080332436 0.11821493 0.14786784 0.09411621 0.025522867 0.004699707 5.3914386E-4 3.0517578E-5 0.0 
0.046091717 0.082082115 0.12195841 0.14343262 0.14545695 0.13100179 0.109425865 0.07509359 0.046457928 0.030039469 0.021107992 0.015930176 0.0115153 0.011311849 0.008575439 5.187988E-4 
0.022603353 0.029429117 0.043599445 0.072021484 0.0948588 0.096069336 0.09399414 0.078297935 0.065836586 0.067840576 0.13510132 0.07508341 0.043467205 0.06004842 0.021453857 2.9500326E-4 
0.021748861 0.055023193 0.11810303 0.21384685 0.23517863 0.18314616 0.07872518 0.042246502 0.024180094 0.013916016 0.0093688965 0.0039367676 5.6966144E-4 1.0172526E-5 0.0 0.0 
0.009185791 0.032033283 0.040669758 0.047353107 0.08100382 0.162028 0.2510376 0.2262268 0.09865316 0.032796223 0.012888591 0.004638672 0.0012308756 2.5431314E-4 0.0 0.0 
