0.93618774 4.0690105E-5 0.0011189779 2.339681E-4 0.014129639 0.0 0.016082764 0.03220622 
0.71363324 3.2552084E-4 2.746582E-4 0.0 0.117126465 9.86735E-4 0.061197918 0.10645548 
0.4681498 0.037994385 2.644857E-4 0.0064086914 0.08658854 0.0068766274 0.036916096 0.35680136 
0.7674764 2.8483072E-4 0.014892578 8.138021E-5 0.032592773 2.9500326E-4 0.036387127 0.14798991 
0.71500653 1.0172526E-5 0.01711019 3.0517578E-5 0.041849773 0.0 0.07476807 0.15122478 
0.71958417 3.3569336E-4 0.008687337 0.0 0.09274292 9.053548E-4 0.061147053 0.116597496 
0.54304 5.086263E-4 0.0030212402 5.086263E-5 0.08937582 3.5603842E-4 0.09443156 0.2692159 
0.7757365 6.4086914E-4 0.019429525 0.0034688313 0.029754639 0.0025227864 0.023996988 0.14444987 
0.8343811 0.021840414 8.951823E-4 0.006500244 0.017720541 0.0019938152 0.014994304 0.1016744 
0.7336934 2.0345053E-5 0.013682048 2.0345053E-5 0.042246502 5.086263E-5 0.0488383 0.16144817 
0.68708295 8.951823E-4 0.0010884603 9.1552734E-5 0.07133993 7.2224933E-4 0.062266033 0.17651367 
0.82947797 0.0154418945 0.008524577 0.00587972 0.02964274 2.2379558E-4 0.03149414 0.079315186 
0.4671631 0.0013122559 5.79834E-4 4.8828125E-4 0.18022664 2.4414062E-4 0.15782674 0.19215901 
0.8281453 1.8310547E-4 0.010121663 3.9672852E-4 0.033772785 1.1189779E-4 0.029500326 0.09776815 
0.9095357 7.2224933E-4 0.0033162434 2.0345052E-4 0.027852377 9.1552734E-5 0.016215006 0.042063396 
0.81622314 0.0016784668 1.93278E-4 5.187988E-4 0.029418945 5.79834E-4 0.011779785 0.13960774 
0.7896118 8.239746E-4 0.076182045 3.153483E-4 0.025024414 8.3414715E-4 0.036549885 0.07065836 
0.81625366 0.0037841797 0.059712727 0.003306071 0.052642822 0.0063476562 0.024668375 0.033284504 
0.19976807 0.7293091 0.0 0.06479899 0.006113688 0.0 0.0 1.0172526E-5 
0.07136027 0.9270528 0.0 3.0517578E-5 0.0014546713 5.086263E-5 0.0 5.086263E-5 
0.6600749 0.0056559243 0.14968872 0.0053609214 0.09740194 0.004547119 0.027079264 0.050191242 
0.48409018 0.13739014 1.3224284E-4 0.17428589 2.644857E-4 4.0690105E-5 1.2207031E-4 0.20367432 
0.5715129 0.07623291 1.0172526E-5 0.09223429 0.0011494955 6.8155926E-4 1.2207031E-4 0.25805664 
0.93756104 0.014434814 0.0 5.086263E-5 0.008249919 0.0023701985 8.138021E-5 0.03725179 
0.33330283 0.033742268 0.0 0.044555664 0.0049235024 3.0517578E-5 0.002319336 0.5811259 
0.14101155 0.8540039 6.1035156E-5 1.93278E-4 9.6638995E-4 5.086263E-5 6.1035156E-4 0.0031026204 
0.9022929 0.00495402 0.067830406 7.1207684E-4 1.93278E-4 7.425944E-4 0.003519694 0.019755045 
0.80686444 0.0016479492 0.092152916 0.0032348633 0.0012613932 1.3224284E-4 0.022399902 0.07230631 
0.91993207 0.00676473 0.0036824543 0.00877889 6.205241E-4 0.0 0.0025634766 0.05765788 
0.9202983 0.0017496744 0.017283121 0.004272461 7.120768E-5 0.0 0.0061035156 0.05022176 
0.0976359 0.24720256 2.1362305E-4 0.6499634 7.425944E-4 0.0 5.6966144E-4 0.003672282 
0.9394633 0.0022379558 0.0026550293 0.0011393229 3.6621094E-4 2.0345053E-5 0.0035095215 0.05060832 
0.95338947 0.0093688965 0.003458659 0.0012410482 3.6621094E-4 4.5776367E-4 0.0011088053 0.03060913 
0.93724567 0.0024515789 0.017181396 0.0026448567 3.3569336E-4 0.0 0.0016276041 0.038513184 
0.17269897 0.82095337 2.0345053E-5 9.1552734E-5 0.0013834635 1.0172526E-5 0.0010986328 0.0037434895 
0.94837445 0.0018412272 0.006388346 9.969076E-4 0.0016581217 5.3914386E-4 0.0025736492 0.037628174 
0.7074483 1.0172526E-5 0.06803385 0.10875448 2.9500326E-4 0.0 0.0011800131 0.11427816 
0.7866821 0.02202352 3.0517578E-5 0.0015970865 1.1189779E-4 0.00491333 4.0690105E-5 0.18460083 
0.82562256 0.018127441 5.086263E-5 0.0390625 1.6276042E-4 6.612142E-4 5.086263E-5 0.1162618 
0.81047565 0.017364502 0.0 0.0018310547 0.034250896 0.010213216 0.005025228 0.12083944 
0.75324506 0.014801025 8.748372E-4 0.009663899 0.016459147 9.1552734E-5 0.015828451 0.18903606 
0.83466595 0.0013020834 0.0 1.0172526E-5 0.07899984 0.0032857258 0.00982666 0.071909584 
0.97562665 1.7293294E-4 0.0 0.0 0.0010477701 9.460449E-4 5.086263E-5 0.022155762 
0.76474 0.009104411 0.00475057 0.0016581217 0.0054117837 0.0025227864 9.969076E-4 0.21081543 
0.728892 0.07233683 0.0 0.039449055 1.4241536E-4 5.289714E-4 7.120768E-5 0.15857951 
0.62138873 0.083231606 1.2207031E-4 0.090799965 0.012817383 0.0011291504 0.006134033 0.18437703 
0.63338214 0.36417642 0.0 3.2552084E-4 6.1035156E-5 1.7293294E-4 0.0 0.0018819174 
0.9778239 5.187988E-4 0.0 1.5258789E-4 1.4241536E-4 4.7810873E-4 4.0690105E-5 0.020843506 
0.6306254 0.07974243 3.86556E-4 0.07748413 0.0174764 8.1380206E-4 0.0041300454 0.18934123 
0.8498027 0.02428182 9.460449E-4 0.012237549 0.055226643 0.008076985 0.01167806 0.037750244 
0.83792114 0.09135946 0.0012308756 0.0034281414 0.008229573 0.0074361167 0.0067443848 0.04365031 
0.73794556 0.1325175 4.0690105E-5 0.0034993489 0.05485026 0.02585856 0.0034179688 0.041870117 
0.8224182 0.107177734 3.0517578E-5 0.011484782 0.028788248 0.0054423013 0.01103719 0.013621013 
0.8267619 6.8155926E-4 0.056915283 0.07991537 0.004760742 1.0172526E-5 0.007639567 0.02331543 
0.7913005 0.035705566 2.0345053E-5 0.0058288574 0.009155273 0.0077412925 4.7810873E-4 0.1497701 
0.7608846 0.18684895 0.0 0.027577719 2.5431314E-4 0.0 0.0 0.024434408 
0.7364909 0.024719238 1.5258789E-4 0.016774496 5.5948895E-4 8.138021E-5 2.4414062E-4 0.22097778 
0.700887 0.03744507 1.93278E-4 0.045318604 0.002105713 7.9345703E-4 0.0012105306 0.21204631 
0.87576294 0.097462974 4.679362E-4 3.4586588E-4 4.272461E-4 0.0013529459 1.1189779E-4 0.024068197 
0.9213359 0.04711914 2.0345053E-5 0.017374674 9.1552734E-5 3.0517578E-5 0.0 0.014027913 
0.79555255 0.06782023 0.0015767416 0.04537964 4.4759116E-4 2.0345052E-4 7.1207684E-4 0.0883077 
0.45206705 2.0345053E-5 0.019480387 0.0058288574 0.008544922 0.0 0.059193928 0.4548645 
0.9436849 0.0015970865 3.6621094E-4 0.002146403 0.0012308756 0.0 5.3914386E-4 0.050435383 
0.94699097 0.004099528 0.0047302246 0.0028889973 0.001159668 2.0345053E-5 0.0010782877 0.039031982 
0.8623657 3.0517578E-4 0.07828776 2.4414062E-4 0.0062967935 1.1189779E-4 0.023590088 0.028798422 
0.8911743 0.0019836426 0.017303467 0.007425944 2.9500326E-4 5.086263E-5 0.005808512 0.07595825 
0.19186401 0.79835004 0.0 8.748372E-4 0.004638672 0.0 6.205241E-4 0.0036519368 
0.85841876 0.0017700195 0.05777995 4.374186E-4 0.0042622886 0.004384359 0.021230062 0.05171712 
0.8773702 0.00495402 0.041086834 4.679362E-4 5.3914386E-4 2.644857E-4 0.016011557 0.059305828 
0.68584186 0.0038757324 0.0024820964 0.030568441 0.0023905437 0.0013122559 9.6638995E-4 0.27256265 
0.8497111 0.0036621094 0.016398111 0.015625 0.0051574707 4.0690105E-5 0.007914226 0.101491295 
0.7759094 0.21882121 0.0 7.019043E-4 6.205241E-4 3.0517578E-5 9.1552734E-5 0.0038248699 
0.3794454 0.5859477 0.0 0.0015869141 2.4414062E-4 0.0032246907 0.0 0.029551188 
0.7925008 0.009694417 0.039916992 0.005177816 0.017618814 0.0015869141 0.007619222 0.12588501 
0.84162396 0.009012858 4.0690103E-4 9.358724E-4 0.0016886393 7.73112E-4 8.036296E-4 0.14475505 
0.59211224 0.08644613 8.1380206E-4 0.19356282 0.0031229656 0.0010884603 0.0022074382 0.12064616 
0.34448242 0.2197876 1.6276042E-4 0.26463827 7.425944E-4 2.339681E-4 7.832845E-4 0.16916911 
0.5720927 0.025177002 0.06048584 0.03116862 9.6638995E-4 4.0690105E-5 0.0052083335 0.30486044 
0.6183879 0.056111652 0.051279705 0.04884847 7.832845E-4 3.0517578E-5 0.002339681 0.22221883 
0.6212972 0.079722084 0.014160156 0.14604695 0.0029500325 2.644857E-4 0.0023600261 0.13319905 
0.45976767 0.07596842 3.5603842E-4 0.15694173 0.0016886393 2.339681E-4 0.0017903646 0.30325317 
0.5302022 1.8310547E-4 0.004964193 0.14331055 0.0 0.0 0.0034179688 0.31792197 
0.67438763 0.011362712 0.011240642 0.10772705 6.1035156E-5 0.0 0.011739095 0.18348186 
0.5966899 0.010803223 0.005971273 0.041483562 1.5258789E-4 0.0 0.005910238 0.33898926 
0.5595703 0.15016682 0.0012613932 0.17680867 0.0017903646 5.9000653E-4 0.0013427734 0.10846964 
0.4756775 0.20398967 0.002380371 0.14138794 0.018290201 0.0 0.013153076 0.14512126 
0.7571411 0.017669678 0.004506429 0.0025838215 0.03133138 0.0018412272 0.01687622 0.16805013 
0.30765787 0.45241293 2.644857E-4 0.0051472983 0.007334391 0.0025634766 0.0036315918 0.22098796 
0.5798645 0.17902629 9.053548E-4 0.0063069663 0.014668782 6.9173175E-4 0.0146993 0.20383708 
0.71986896 0.0015360514 0.14302571 0.0011189779 0.0012105306 1.6276042E-4 0.0754598 0.057617188 
0.83218384 0.043121338 0.039449055 0.0051879883 4.984538E-4 0.0047302246 0.009338379 0.06549072 
0.8104146 0.1765747 0.0 0.0010681152 1.3224284E-4 0.0 2.0345053E-5 0.011789958 
0.6001689 0.30846152 1.6276042E-4 0.07007853 0.0 2.0345053E-5 0.0 0.021107992 
0.9753418 6.9173175E-4 1.3224284E-4 7.324219E-4 1.93278E-4 2.2379558E-4 5.086263E-5 0.022633871 
0.9658305 6.306966E-4 2.0345053E-5 0.0010579427 1.1189779E-4 0.0 8.138021E-5 0.032267254 
0.7512105 0.016286215 2.0345053E-5 0.0012919108 0.040842693 0.002400716 0.018697103 0.16925049 
0.7322896 0.0034688313 0.0011800131 0.002339681 0.019663492 1.0172526E-5 0.025380453 0.21566772 
0.511851 0.030375162 0.0011698405 0.030466715 0.010457356 1.3224284E-4 0.012227376 0.4033203 
0.9121094 0.01260376 3.4586588E-4 0.02935791 0.010965983 1.0172526E-5 0.009796143 0.024810791 
0.7930501 0.021046957 0.0034281414 0.08959961 8.036296E-4 0.0 0.0012512207 0.09082031 
0.472229 0.016184488 2.1362305E-4 0.0024515789 0.13421631 0.003326416 0.060760498 0.31061807 
0.6472473 0.0029296875 0.09023031 0.035339355 0.02598063 1.0172526E-5 0.090667725 0.10759481 
0.36767578 0.19943237 4.679362E-4 0.22359212 0.030110678 7.6293945E-4 0.008565267 0.1693929 
0.77644855 0.027547201 0.0045572915 0.013916016 0.07107544 0.005533854 0.034423828 0.0664978 
0.67633057 0.01103719 1.7293294E-4 0.0017903646 0.0362854 5.6966144E-4 0.022725424 0.25108847 
0.7855733 0.0 0.037760418 0.009338379 0.021647135 0.0 0.091918945 0.0537618 
0.24883015 0.036193848 2.2379558E-4 0.13082886 0.017181396 3.5603842E-4 0.0062967935 0.5600891 
0.15014648 0.0076497397 0.0 0.040445965 8.544922E-4 0.0013020834 0.0 0.79960126 
0.70185345 3.9672852E-4 0.0037333171 4.0690105E-5 0.15741985 7.73112E-4 0.08294678 0.0528361 
0.47113037 0.0040384927 0.016906738 0.26683554 0.086649574 0.0 0.1335551 0.020884195 
0.6644694 0.038187664 0.0 0.005065918 0.20626831 0.005167643 0.044565838 0.036275227 
0.64818317 0.016448975 0.002614339 0.039815266 0.12454224 2.0345053E-5 0.04469808 0.123677574 
0.5596517 0.0119222 0.0031840007 0.025756836 0.030537924 7.324219E-4 0.02561442 0.3426005 
0.6794942 0.012461345 0.022379557 0.052541096 0.08665975 2.0345053E-5 0.08833822 0.05810547 
0.9433594 0.0052693686 2.4414062E-4 0.0038350422 0.013071696 0.0 0.013621013 0.020599365 
0.5559285 0.0032755535 0.0032552083 0.0075785317 0.17270915 3.4586588E-4 0.1081543 0.14875285 
0.59279376 0.018666586 0.09940592 0.11088053 0.023132324 3.0517578E-5 0.06194051 0.09314982 
0.77976483 0.0030008953 0.033162434 0.016499838 0.028493246 1.0172526E-5 0.09193929 0.047129314 
0.8470357 0.053782146 0.0011393229 0.026875814 0.040059406 2.0345053E-5 0.009246826 0.021840414 
0.62841797 0.019643148 0.045389812 0.09888712 0.024098715 0.0 0.06092326 0.12263998 
0.8647563 0.0036315918 0.018920898 0.014872233 0.026275635 1.0172526E-5 0.027598063 0.04393514 
0.7342631 0.021748861 0.0019327799 0.009429932 0.09093221 8.036296E-4 0.05448405 0.08640543 
0.76708984 0.0060017905 0.008076985 0.0058695474 0.049102783 4.4759116E-4 0.05248006 0.1109314 
0.8472697 1.0172526E-5 2.0345052E-4 6.1035156E-5 0.05588786 5.79834E-4 0.03141276 0.064575195 
0.59987384 2.8483072E-4 0.007619222 0.0033772786 0.060180664 0.0 0.18864949 0.14001465 
0.8316345 6.510417E-4 4.0690105E-5 1.4241536E-4 0.08366903 2.2379558E-4 0.049713135 0.033925373 
0.53382367 0.0017700195 0.038828533 0.028900146 0.015879313 0.0 0.08502197 0.29577637 
0.8324178 6.1035156E-5 0.0016377767 3.0517578E-4 0.082855225 2.0345052E-4 0.02794393 0.054575603 
0.5984599 0.0011698405 0.0021362305 0.0033162434 0.06260172 1.5258789E-4 0.03857422 0.29358926 
0.29190063 0.054951984 6.1035156E-5 0.07407633 0.029530844 1.3224284E-4 0.0050354004 0.5443115 
0.5096232 0.0022074382 8.748372E-4 0.0019836426 0.11984253 2.746582E-4 0.18963623 0.17555745 
0.56437176 0.007792155 0.0 1.0172526E-5 0.15145874 0.0051981607 0.12130737 0.14986165 
0.37783813 0.009897868 0.001759847 0.022583008 0.013956706 2.0345053E-5 0.006591797 0.5673523 
0.61158246 0.0012919108 0.0017089844 0.0011189779 0.017150879 2.4414062E-4 0.026804605 0.34009805 
0.71587116 0.0 0.006591797 2.0345052E-4 0.05198161 0.0 0.14675903 0.07859293 
0.5230815 0.010335286 0.0012308756 0.01679484 0.06312052 5.086263E-5 0.048756916 0.33662924 
0.18742879 0.17401123 1.0172526E-5 0.2572937 0.03825887 8.4431964E-4 0.02061971 0.3215332 
0.68607587 0.0029500325 0.002166748 0.026326498 0.053955078 0.0 0.16477458 0.06375122 
0.35061646 0.041615803 5.086263E-5 0.04478963 0.049682617 4.8828125E-4 0.009531657 0.5032247 
0.6057536 0.16367595 0.0011494955 0.027709961 0.002878825 0.0 0.0043029785 0.19452922 
0.43533325 0.0018107096 4.0690105E-5 0.009490967 0.13873291 4.7810873E-4 0.24858601 0.16552734 
0.8840739 0.009796143 1.0172526E-5 9.5621747E-4 0.017140707 0.002187093 0.0058898926 0.079945885 
0.68067425 0.0037638347 0.005126953 0.005594889 0.05154419 4.0690103E-4 0.08815511 0.16473389 
0.7463277 0.0031636555 0.0035807292 0.009012858 0.03600057 6.00179E-4 0.06585693 0.13545735 
0.50876874 0.011484782 0.0 0.0032348633 0.053212482 0.009389241 0.009084065 0.40482584 
0.58099365 2.0345052E-4 0.0012919108 2.0345053E-5 0.20089722 5.3914386E-4 0.15552776 0.06052653 
0.6235962 0.038238525 0.012257894 0.014709473 0.035878498 7.120768E-5 0.16921997 0.10602824 
0.58414716 0.0 0.0 0.0 0.04366048 2.5431314E-4 0.10637411 0.26556396 
0.6460571 1.0172526E-5 0.008799235 0.0 0.043711346 6.205241E-4 0.07926432 0.22153728 
0.6820679 0.12924194 0.035563152 0.008504231 0.0027160645 1.8310547E-4 0.033966064 0.10775757 
0.53777057 0.008433024 1.0172526E-5 0.0030721028 0.009379069 0.0018513998 0.007792155 0.4316915 
0.4474996 0.010111491 0.0013224283 0.06514486 0.084472656 4.1707358E-4 0.10096232 0.29006958 
0.6400655 1.0172526E-5 1.6276042E-4 2.0345053E-5 0.018513998 9.1552734E-5 0.03331502 0.30782065 
0.881602 0.0011698405 0.011138916 6.1035156E-5 0.027211508 3.6621094E-4 0.0317688 0.04668172 
0.7513936 0.0 5.086263E-4 0.0 0.083353676 0.0 0.10017904 0.064565025 
0.58289593 0.12787883 0.012664795 0.14748128 0.011708577 0.0 0.08920288 0.028167725 
0.3715515 0.011566162 3.0517578E-5 0.0046081543 0.035868328 0.0035095215 0.011179606 0.5616862 
0.57610065 5.086263E-5 0.0 0.0 0.027435303 3.153483E-4 0.1849467 0.21115112 
0.4770101 0.0 0.006500244 1.0172526E-5 0.037180584 0.0 0.26845297 0.21084595 
0.5699056 2.0345053E-5 8.138021E-5 0.0 0.046447754 0.0013020834 0.08340454 0.2988383 
0.18069458 0.0025634766 8.544922E-4 0.7215068 0.008371989 0.0 0.011454265 0.07455444 
0.6378784 0.0025736492 0.034861248 3.3569336E-4 0.03522746 0.0015970865 0.0719808 0.21554565 
0.73757935 0.0013122559 0.0133463545 0.03145345 0.0035502117 0.0 0.007883708 0.20487468 
0.6821391 0.019226074 0.0044759116 0.099100746 0.016977945 0.0 0.019348145 0.1587321 
0.7072652 0.0043029785 2.5431314E-4 0.0024210613 0.007344564 0.001759847 0.0021972656 0.27445474 
0.18719482 0.074808754 5.187988E-4 0.07973226 0.021280924 2.0345053E-5 0.2854309 0.35101318 
0.5545044 0.009958903 0.03060913 0.041066486 0.0033569336 1.3224284E-4 0.0256958 0.33467612 
0.28334555 0.25054932 0.020365397 0.27641806 0.011077881 3.86556E-4 0.014434814 0.14342244 
0.8744405 0.0 0.0012410482 2.339681E-4 0.046742756 0.0 0.024291992 0.053049725 
0.22873943 2.0345053E-5 0.0024719238 3.7638345E-4 0.009775798 0.0 0.035451252 0.72316486 
0.56637573 1.5258789E-4 0.0048828125 0.010772705 0.19651286 0.0 0.07913208 0.14217122 
0.65948486 0.0060831704 0.018086752 0.006032308 0.01792399 4.7810873E-4 0.05400594 0.23790486 
0.40523276 4.0690105E-5 0.0010274252 2.1362305E-4 0.04844157 0.0 0.026163736 0.5188802 
0.7099101 0.0 9.1552734E-4 4.4759116E-4 0.059753418 0.0 0.005126953 0.22384644 
0.4394226 4.272461E-4 0.32330322 0.0011698405 0.0071004233 7.120768E-5 0.019195557 0.20930989 
0.45274863 0.012440999 0.025014242 0.35261026 0.02839152 2.0345053E-5 0.029968262 0.09880575 
0.33966064 0.0015970865 0.003753662 0.6208394 0.008310954 0.0 0.0040690103 0.021769205 
0.89368695 0.0 0.0012105306 1.8310547E-4 0.03647868 0.0 0.021881104 0.04655965 
0.67582196 0.017720541 0.0016479492 0.0049743652 0.023335775 0.005605062 0.017313639 0.25358072 
0.91481525 0.0 0.0018920898 3.6621094E-4 0.027242025 0.0 0.013234456 0.04244995 
0.39831543 0.016520182 0.026885986 0.46683756 0.00696818 2.339681E-4 0.008066813 0.076171875 
0.5236308 0.029876709 0.01634725 0.27253214 0.04598999 1.0172526E-5 0.015675863 0.095937096 
0.53304034 0.0 2.0345053E-5 0.0 0.34570312 0.0010681152 0.06976318 0.050404865 
0.22467041 3.2552084E-4 0.0038146973 5.79834E-4 0.008626302 1.0172526E-5 0.08339437 0.6785787 
0.47384644 0.011871338 0.031585693 0.038350422 0.0019022623 1.8310547E-4 0.0047709146 0.43748984 
0.6433309 2.4414062E-4 6.4086914E-4 9.1552734E-5 0.2441508 8.544922E-4 0.07223511 0.03845215 
0.3478292 8.6466473E-4 0.0055236816 0.28171793 0.13675945 0.0 0.19378662 0.033518475 
0.5805359 4.679362E-4 0.099121094 0.0011800131 0.013020833 3.0517578E-5 0.10887655 0.19676717 
0.7249756 0.0028076172 0.10812378 0.005381266 0.013112386 1.0172526E-5 0.06385294 0.081736244 
0.4885254 9.053548E-4 0.0950826 0.0230306 0.024902344 0.0 0.19047038 0.17708333 
0.5829773 3.4586588E-4 0.0141398115 0.0011698405 0.06562296 0.0025431316 0.108937584 0.2242635 
0.53656006 0.016855875 0.08794149 0.014343262 0.029154459 4.679362E-4 0.09073893 0.22393799 
0.53719074 0.002400716 0.06851196 0.0152282715 0.04019165 3.3569336E-4 0.17525227 0.16088867 
0.7437032 0.0013529459 1.2207031E-4 0.008707683 0.11078898 0.0 0.06502279 0.07030233 
0.29497275 0.0 0.09552002 0.03857422 0.017934164 0.0 0.18513997 0.3678589 
0.6132304 0.0 0.048909504 0.0 0.07008871 0.0 0.16175334 0.10601807 
0.5118205 0.0 0.09060669 0.015736898 0.030659994 5.086263E-5 0.2687378 0.08238729 
0.80040485 0.0012817383 0.0067240396 1.93278E-4 0.08157349 5.086263E-4 0.06640625 0.042907715 
0.89242554 0.0 0.004801432 0.0 0.03451538 0.0 0.038350422 0.029907227 
0.4287313 0.0074157715 0.024332682 0.032613117 0.011749268 3.153483E-4 0.09779867 0.39704385 
0.68885297 1.6276042E-4 1.93278E-4 1.0172526E-5 0.14718628 1.2207031E-4 0.09902954 0.064442955 
0.76279706 0.0 0.005584717 0.0 0.16496785 0.0 0.038675945 0.027974447 
0.9897359 0.0 4.0690105E-5 0.0 0.0054626465 0.0 0.0031738281 0.0015869141 
0.39889526 0.039520264 1.5258789E-4 0.0031026204 0.111694336 7.120768E-5 0.13669841 0.30986533 
0.43407187 3.3569336E-4 0.015146892 3.3569336E-4 0.03152466 0.0014343262 0.04985555 0.46729532 
0.38615927 0.0040384927 0.08479818 0.020182291 0.021535238 0.0013834635 0.096181236 0.38572183 
0.61847943 2.1362305E-4 1.0172526E-5 4.0690105E-5 0.12454224 9.1552734E-5 0.070505776 0.18611653 
0.31792197 0.03825887 1.0172526E-5 0.06337484 0.36333212 0.0010579427 0.032541912 0.1835022 
0.5880534 0.050842285 3.153483E-4 0.13631184 0.13441975 3.0517578E-5 0.07746378 0.012563069 
0.8054199 0.0 9.6638995E-4 1.0172526E-5 0.11783854 0.0 0.07317098 0.0025939941 
0.53863525 0.0 7.1207684E-4 2.644857E-4 0.075286865 0.0 0.33354697 0.051554363 
0.8008321 0.0041300454 8.544922E-4 0.0013529459 0.058695477 6.1035156E-4 0.046142578 0.087381996 
0.45861816 0.0025227864 0.011739095 0.15298462 0.06959025 6.1035156E-5 0.11192831 0.19255574 
0.8491414 0.0 1.0172526E-5 0.0 0.1187439 0.0 0.030954996 0.0011494955 
0.56291705 0.0 2.9500326E-4 0.0 0.32187906 1.1189779E-4 0.10293579 0.011861165 
0.4113566 0.0 9.86735E-4 0.0 0.37746176 0.0 0.2052002 0.0049947104 
0.60702515 6.612142E-4 0.0022176106 1.4241536E-4 0.11645508 0.0020243328 0.0770162 0.19445801 
0.5059204 0.023783365 3.0517578E-5 1.0172526E-5 0.35521445 0.003957113 0.09414673 0.016937256 
0.6071065 1.93278E-4 3.0517578E-4 1.93278E-4 0.17578125 7.019043E-4 0.090799965 0.12491862 
0.29413858 0.0 0.0 0.0 0.6603902 0.0 0.044077557 0.0013936361 
0.38120523 1.0172526E-5 5.086263E-5 0.0 0.11539713 1.0172526E-4 0.10621134 0.39702353 
0.748586 0.0 2.0345053E-5 0.0 0.15390015 0.0 0.0744222 0.023071289 
0.45378622 4.0690105E-5 0.0012817383 2.0345053E-5 0.21766154 0.001953125 0.15934245 0.1659139 
0.75912476 0.0 0.002614339 2.0345053E-5 0.10457357 0.0 0.1305542 0.003112793 
0.42279053 0.022328695 0.0016479492 0.0011189779 0.12835693 0.005106608 0.18826294 0.23038737 
0.28530884 0.008229573 1.0172526E-5 0.0023905437 0.12683105 0.0030212402 0.06097412 0.51323444 
0.5821126 6.9173175E-4 2.0345053E-5 9.1552734E-5 0.1287028 9.1552734E-5 0.07720947 0.21107991 
0.23354085 1.8310547E-4 1.0172526E-5 1.0172526E-5 0.13453166 0.002532959 0.10656738 0.5226237 
0.48509726 0.07055664 1.0172526E-5 0.08718872 0.32517496 8.748372E-4 0.014953613 0.016143799 
0.9191691 0.0 7.1207684E-4 1.0172526E-5 0.06029256 0.0 0.016560873 0.0032552083 
0.67994183 0.0 1.6276042E-4 0.0 0.3101603 0.0 0.009470622 2.644857E-4 
0.8015544 0.0 0.0013631185 3.0517578E-5 0.14179485 1.0172526E-4 0.043863934 0.011291504 
0.555837 0.04888916 5.086263E-5 0.16422527 0.07698568 1.2207031E-4 0.07685343 0.07703654 
0.5814107 8.4431964E-4 0.0 0.0 0.12312826 0.02508545 0.011220296 0.25831094 
0.52038574 0.0 0.0070902505 8.138021E-5 0.09365845 7.120768E-5 0.30133057 0.07738241 
0.56153363 5.086263E-5 1.0172526E-4 1.0172526E-5 0.1488444 2.2379558E-4 0.09794108 0.19129436 
0.6697795 0.0 0.0 0.0 0.3060201 0.0 0.02271525 0.0014851888 
0.90876263 0.0 0.0 0.0 0.074289955 0.0 0.0119018555 0.0050455728 
0.45289102 0.08382162 3.0517578E-5 0.17470296 0.078420006 0.0010274252 0.08186849 0.12723796 
0.5123189 1.0172526E-5 6.1035156E-5 0.0 0.09085083 1.0172526E-5 0.09425863 0.30249023 
0.5807393 0.0 3.2552084E-4 0.0 0.34710693 0.0 0.053293865 0.018534342 
0.2773234 4.0690105E-5 3.5603842E-4 2.644857E-4 0.29729208 0.0 0.24704997 0.17767334 
0.4948934 0.0071512857 5.086263E-5 8.544922E-4 0.106669106 8.748372E-4 0.08733114 0.3021749 
0.3110148 2.0345052E-4 1.2207031E-4 3.6621094E-4 0.23024495 1.8310547E-4 0.17777507 0.28009033 
0.39344278 0.35983276 0.0 6.612142E-4 0.18126424 6.8155926E-4 0.044087727 0.020029703 
0.38874307 0.0021972656 0.119669594 0.009104411 0.0031026204 1.7293294E-4 0.21869914 0.25831094 
0.39804077 2.4414062E-4 6.1035156E-5 7.527669E-4 0.1711731 3.4586588E-4 0.16237386 0.26700845 
0.68948364 2.0345053E-5 0.0049743652 4.0690103E-4 0.14898682 0.0 0.105662026 0.0504659 
0.848053 0.0011800131 4.0690105E-5 7.120768E-5 0.1281128 2.0345052E-4 0.020385742 0.001953125 
0.42635092 0.04188029 0.0031636555 0.0046183267 0.12247721 0.019755045 0.076527916 0.30522665 
0.698822 0.0 0.008799235 0.0 0.11886597 0.0 0.1577657 0.01574707 
0.57514447 6.1035156E-5 0.01550293 0.0010986328 0.09687296 0.0017089844 0.050964355 0.25864664 
0.86413574 0.0 0.0021769207 0.0 0.10788981 0.0 0.023183187 0.002614339 
0.9291687 0.0 0.0 0.0 0.04909261 0.0 0.018422445 0.0033162434 
0.5998637 0.003326416 1.0172526E-4 4.679362E-4 0.1875 0.004170736 0.072906494 0.13166301 
0.558197 0.0030008953 0.0 1.6276042E-4 0.13727824 0.0040384927 0.050231934 0.24709065 
0.7416585 0.006266276 4.0690103E-4 0.0019124349 0.05614217 0.0055236816 0.035217285 0.15287273 
0.30278525 0.0014851888 0.010477702 0.002960205 0.047454834 0.0041097007 0.043965656 0.5867615 
0.77348834 0.0018920898 0.05154419 0.040161133 0.029581705 1.0172526E-4 0.030375162 0.07285563 
0.45915732 0.004587809 0.0013427734 0.0015157064 0.09584554 0.0012512207 0.0505778 0.38572183 
0.8677368 0.0 0.0028381348 0.0 0.0978597 0.0 0.02822876 0.0033365886 
0.30481973 0.0 0.0029703777 0.0 0.46419272 0.0 0.21942139 0.008595784 
0.6782939 7.832845E-4 0.0023091633 0.0011189779 0.17044067 7.425944E-4 0.04189046 0.10442098 
0.09500122 0.0 0.0 0.0 0.19473267 0.0 0.30185953 0.4084066 
0.71920776 0.0 0.017018637 7.120768E-5 0.16057332 0.0 0.08627319 0.016855875 
0.83721924 7.120768E-5 0.008066813 2.8483072E-4 0.09158325 2.0345053E-5 0.045084637 0.017669678 
0.8118083 0.0 1.8310547E-4 0.0 0.1285197 0.0 0.05753581 0.001953125 
0.6088867 0.0010070801 5.086263E-5 2.339681E-4 0.12862141 4.7810873E-4 0.06584676 0.19487508 
0.26679483 0.10662842 0.0 0.03250122 0.27059937 0.0035705566 0.13049316 0.18941243 
0.5989787 2.2379558E-4 9.053548E-4 1.4241536E-4 0.08337402 6.1035156E-5 0.15831502 0.15799968 
0.4367981 5.289714E-4 0.017547607 0.074279785 0.075683594 0.0 0.09474691 0.30041504 
0.828125 3.0517578E-5 0.0031738281 1.0172526E-5 0.13101196 5.086263E-5 0.027242025 0.010355632 
0.70511883 8.138021E-5 1.5258789E-4 0.0 0.1715393 1.1189779E-4 0.07023112 0.052764893 
0.27856445 1.0172526E-5 0.0 1.0172526E-5 0.19052124 0.0015767416 0.09111532 0.4382019 
0.5425517 1.0172526E-5 6.510417E-4 3.0517578E-4 0.08680216 0.0 0.27347818 0.09620158 
0.7001851 0.0025838215 0.0013834635 1.8310547E-4 0.08703613 0.005177816 0.0505778 0.15287273 
0.43597412 0.0 0.008565267 2.0345053E-5 0.04446411 0.0 0.29415894 0.21681722 
0.84144086 0.0 0.010040283 0.0 0.09069824 0.0 0.049357098 0.008463542 
0.21125285 0.0 0.002339681 0.0 0.27498373 1.93278E-4 0.45975748 0.05147298 
0.737264 0.0 0.006917318 0.0 0.17944336 0.0 0.05722046 0.019154867 
0.46658325 0.0 0.05524699 0.0 0.10796102 4.0690105E-5 0.20119222 0.16897583 
0.38775635 0.0 0.0 0.0 0.5852051 0.0 0.023091635 0.00394694 
0.56049603 1.4241536E-4 0.0034179688 0.1699117 0.083628334 0.0 0.09539795 0.087005615 
0.6044922 0.0028686523 1.5258789E-4 3.153483E-4 0.1496989 0.008555095 0.06304932 0.17086792 
0.46766153 1.6276042E-4 0.066477455 0.0012715658 0.10454305 0.0016276041 0.093699135 0.26455688 
0.37708536 0.015411377 3.4586588E-4 0.30600992 0.05726115 2.0345053E-5 0.06914266 0.17472331 
0.883962 0.0 2.644857E-4 0.0 0.08288574 0.0 0.025675455 0.007212321 
0.647878 0.0043029785 0.0032043457 0.065460205 0.083109535 0.0 0.05210368 0.14394124 
0.31354776 0.008422852 0.0 0.039479572 0.4943644 2.4414062E-4 0.062927246 0.081014 
0.70411175 0.0 3.0517578E-5 0.0 0.27967325 0.0 0.014709473 0.0014750162 
0.36818442 2.0345053E-5 1.0172526E-5 2.0345053E-5 0.17554729 4.4759116E-4 0.11251831 0.34325156 
0.86106366 0.0 1.2207031E-4 2.0345053E-5 0.11577352 0.0 0.0202535 0.002766927 
0.721873 0.02686564 1.0172526E-5 2.746582E-4 0.11650594 0.0066630044 0.079722084 0.04808553 
0.52815753 0.0 0.0014241537 0.0 0.37724814 0.0 0.087259926 0.005910238 
0.39796957 0.0 1.93278E-4 0.0 0.199351 0.0 0.27548218 0.12700398 
0.1281128 2.0345053E-5 0.0018005371 0.0 0.17044067 0.0 0.46799722 0.23162842 
0.52595013 0.005859375 4.8828125E-4 0.013702393 0.12510173 2.0345053E-5 0.14056396 0.1883138 
0.28948975 0.0 0.0028076172 0.0 0.1767273 0.0 0.45713297 0.07384237 
0.33901978 0.005971273 3.153483E-4 0.04510498 0.13218181 6.8155926E-4 0.20039876 0.2763265 
0.5048116 9.1552734E-5 0.0059407554 3.0517578E-5 0.097483315 1.93278E-4 0.26698813 0.12446085 
0.38694254 0.019337973 1.3224284E-4 0.009073894 0.0027567546 5.493164E-4 0.0023295085 0.57887775 
0.7020162 0.007273356 0.0 1.4241536E-4 0.010386149 0.00289917 0.0038655598 0.27341715 
0.13363647 0.006164551 0.0 0.0024414062 4.7810873E-4 1.8310547E-4 5.289714E-4 0.8565674 
0.32929483 0.40344238 1.0172526E-5 0.0061035156 0.0010986328 1.3224284E-4 4.4759116E-4 0.2594706 
0.69226074 0.04856364 9.6638995E-4 9.6638995E-4 7.9345703E-4 2.644857E-4 9.358724E-4 0.25524902 
0.6897786 0.011444092 0.0017903646 0.06715902 0.002512614 0.0014953613 0.0020141602 0.22380574 
0.10217285 0.035786945 9.358724E-4 0.029917398 0.0071105957 1.2207031E-4 0.02839152 0.79556274 
0.36697388 0.008951823 9.1552734E-5 0.04277547 5.289714E-4 2.0345053E-5 1.8310547E-4 0.58047485 
0.6175944 0.033650715 1.0172526E-5 0.012502034 0.004160563 1.5258789E-4 0.0057881675 0.32614136 
0.23097737 0.023671469 0.0 0.084472656 0.0013427734 1.7293294E-4 0.0019632976 0.6573995 
0.6777242 0.03189087 3.86556E-4 0.018941244 0.0017903646 7.120768E-5 0.0051472983 0.26404825 
0.5603841 0.14586385 6.1035156E-5 0.036295574 0.002339681 2.5431314E-4 5.5948895E-4 0.25424194 
0.8046672 0.121531166 0.0 0.005177816 0.006134033 0.0010579427 0.0047200522 0.056711834 
0.2976481 0.046661377 7.73112E-4 0.023173014 4.374186E-4 2.0345053E-5 0.0010274252 0.6302592 
0.18276978 0.06739298 0.0 0.01893107 0.012369792 0.0024617512 0.0087178545 0.70735675 
0.19279988 0.2810974 0.0038045247 0.027170816 0.0037943523 5.6966144E-4 0.0020650227 0.48869833 
0.47722372 0.3188375 0.0 0.019399008 2.2379558E-4 3.0517578E-4 1.3224284E-4 0.18387859 
0.37424722 0.043375652 0.0 0.0064290366 0.0076090493 0.007212321 0.0028584797 0.55826825 
0.62368774 0.13011678 4.0690105E-5 0.0015157064 0.029154459 0.020528158 0.012105306 0.18285115 
0.67207843 0.23742676 0.0 0.014272054 0.0025227864 0.0027364094 2.746582E-4 0.07068888 
0.8137004 0.0076700845 4.679362E-4 9.460449E-4 0.0053507485 0.0012613932 0.0052490234 0.16535442 
0.8061218 0.0062357583 1.93278E-4 0.002400716 0.04598999 0.0012105306 0.013264974 0.124582924 
0.58270264 0.051442463 5.289714E-4 0.030253092 0.0056559243 0.0031534832 0.0042012534 0.32206216 
0.50059 0.090667725 1.0172526E-5 0.037068684 4.7810873E-4 0.0012817383 5.086263E-5 0.3698527 
0.31689453 0.054840088 0.0 0.042317707 0.002166748 4.0690103E-4 2.0345053E-5 0.5833537 
0.92182416 0.0017089844 0.0 0.0 0.0067952476 8.6466473E-4 1.2207031E-4 0.0686849 
0.3355001 0.03246053 0.0 0.0030721028 0.008555095 0.006703695 0.0027160645 0.61099243 
0.21408081 0.17913818 0.0 0.024648031 0.003712972 0.012379964 3.0517578E-5 0.5660095 
0.2308553 0.0473938 0.0 0.016805014 6.713867E-4 0.0024414062 7.120768E-5 0.7017619 
0.54264325 0.049397785 1.1189779E-4 0.034057617 0.0051981607 3.3569336E-4 3.9672852E-4 0.3678589 
0.26730347 0.031534832 0.0 0.024383545 0.010203044 0.0033976238 2.644857E-4 0.662913 
0.09915161 0.22043864 0.0 0.22979736 0.0016784668 5.3914386E-4 3.86556E-4 0.4480082 
0.8369548 0.08861288 0.0 0.0027872722 0.002553304 0.0017496744 3.0517578E-4 0.06703695 
0.21321614 0.06855265 0.0 0.041178387 0.0016072592 0.00491333 5.086263E-5 0.6704814 
0.83950806 0.0041503906 5.086263E-5 8.748372E-4 0.049672443 0.001759847 0.010559082 0.09342448 
0.63235474 0.017893473 0.0 9.460449E-4 0.090535484 0.056101482 6.510417E-4 0.20151775 
0.5141093 0.0068868003 2.0345053E-5 5.9000653E-4 0.0020141602 0.0015970865 4.0690105E-5 0.4747416 
0.46790567 0.01860555 0.0 0.0044148765 5.086263E-4 0.0012715658 3.0517578E-5 0.5072632 
0.8232422 0.12122599 0.0 3.0517578E-4 6.510417E-4 4.272461E-4 1.0172526E-4 0.05404663 
0.81340533 2.1362305E-4 0.0020039876 2.0345052E-4 0.03164673 2.0345053E-5 0.07236735 0.08013916 
0.42515054 0.0395813 0.0 0.016438803 0.001200358 0.0010274252 1.7293294E-4 0.51642865 
0.7576497 7.73112E-4 7.120768E-5 1.2207031E-4 0.07077026 3.7638345E-4 0.033681232 0.13655598 
0.66919965 0.002400716 0.0 5.187988E-4 0.005452474 0.0018412272 5.187988E-4 0.32006836 
0.49180093 0.030588785 0.0 7.9345703E-4 0.002085368 0.007985433 6.510417E-4 0.46609497 
0.67007446 0.097961426 3.6621094E-4 0.02089437 0.006337484 8.8500977E-4 0.006184896 0.19729614 
0.81551105 6.1035156E-5 0.021240234 0.0016276041 0.0016784668 1.0172526E-5 0.019582113 0.1402893 
0.85514325 0.019643148 6.1035156E-5 0.010060628 0.003194173 8.1380206E-4 0.0018107096 0.10927328 
0.79849243 0.043823242 0.004160563 0.037790935 0.006459554 1.7293294E-4 0.003712972 0.10538737 
0.63068646 0.12086996 0.0030314128 0.15042114 4.1707358E-4 8.138021E-5 0.0013020834 0.09319051 
0.91238403 0.0073547363 1.0172526E-4 8.1380206E-4 0.003326416 0.0010070801 0.0012512207 0.07376099 
0.25190225 0.014780681 1.1189779E-4 0.10957845 0.0504659 0.0 0.026448568 0.5467122 
0.73634845 0.017873129 0.0 3.7638345E-4 0.0020243328 0.014628093 6.8155926E-4 0.22806804 
0.91374713 0.0019632976 0.0 2.4414062E-4 0.0054016113 0.001159668 5.086263E-4 0.0769755 
0.77904254 0.015950521 0.0 0.0011698405 0.026367188 0.012217204 0.006072998 0.15917969 
0.4084371 0.0073038735 5.086263E-5 1.8310547E-4 0.08256022 0.0039164224 0.03483073 0.46271768 
0.66694134 0.006825765 0.013895671 0.0025939941 0.014607747 4.679362E-4 0.05121867 0.2434489 
0.74036664 0.006907145 1.0172526E-4 0.0015157064 0.027028402 0.0037231445 0.023284912 0.19707234 
0.47835287 0.008270264 0.0047200522 0.0033671062 0.00881958 0.0011698405 0.015309651 0.47999063 
0.8258565 9.86735E-4 3.0517578E-5 1.7293294E-4 0.023213705 6.306966E-4 0.012888591 0.13622029 
0.8001506 0.01578776 0.0 2.1362305E-4 0.009958903 0.009969075 0.0016377767 0.1622823 
0.8892822 1.2207031E-4 0.014872233 2.5431314E-4 0.0051981607 7.120768E-5 0.006184896 0.08401489 
0.88726807 0.0039774575 1.0172526E-5 1.8310547E-4 0.012084961 0.002298991 0.004587809 0.08958944 
0.9859416 7.120768E-5 0.0 0.0 0.0010681152 3.7638345E-4 1.1189779E-4 0.012430827 
0.10002645 0.029093424 0.0 1.0172526E-5 4.984538E-4 0.024556478 3.0517578E-5 0.8457845 
0.28980508 0.25202432 3.0517578E-5 0.24615479 0.0 0.0 1.0172526E-5 0.2119751 
0.1708374 0.07650757 2.0345053E-5 0.119140625 0.0 0.0 0.0 0.6334941 
0.4284668 0.07472738 1.7293294E-4 0.074279785 0.0 0.0 0.0 0.42235312 
0.27096558 0.23577881 0.0 0.15414429 0.0 0.0 1.0172526E-5 0.33910117 
0.13655598 0.07129923 2.0345053E-5 0.1451416 3.0517578E-5 1.0172526E-5 6.1035156E-5 0.6468811 
0.43523154 0.3319702 0.0 0.005391439 0.0 0.0023905437 0.0 0.22501628 
0.52300006 0.16386922 0.0 0.07898966 0.0023091633 0.009816487 0.0 0.22201538 
0.3835856 0.11252848 1.0172526E-5 0.075174965 0.0 0.0 0.0 0.42870077 
0.3412272 0.18486531 0.0 0.11917114 0.0 2.0345053E-5 0.0 0.35471597 
0.55320233 0.07691447 1.0172526E-5 0.004587809 0.004506429 0.001566569 0.003458659 0.35575357 
0.29838052 0.012176514 0.002380371 0.008666992 0.0031738281 7.120768E-5 0.009033203 0.66611737 
0.49136353 0.0754598 2.0345053E-5 0.009765625 1.6276042E-4 0.0035807292 2.0345053E-5 0.41962686 
0.39967856 0.054453533 0.0 0.05675252 2.0345052E-4 6.1035156E-4 2.746582E-4 0.48802695 
0.18362427 0.18384807 0.0 0.03886922 8.138021E-5 5.9000653E-4 6.1035156E-5 0.592926 
0.4835612 0.33266196 0.0 0.06562296 1.93278E-4 0.0019327799 0.0 0.11602783 
0.9442647 0.009012858 0.0 0.0016276041 6.00179E-4 3.9672852E-4 6.1035156E-4 0.04348755 
0.6238912 0.2338969 0.0 0.0135599775 6.612142E-4 0.012084961 3.9672852E-4 0.11550903 
0.8079834 0.06728109 0.0 0.0030110676 0.0013936361 0.0069274902 3.4586588E-4 0.11305746 
0.6004842 0.29517618 0.0 0.035786945 3.153483E-4 7.832845E-4 2.1362305E-4 0.067240395 
0.5294698 0.039326984 6.1035156E-5 1.4241536E-4 0.0016377767 0.07253011 1.2207031E-4 0.3567098 
0.6154887 0.3384908 0.0 0.005218506 3.9672852E-4 8.138021E-5 3.7638345E-4 0.03994751 
0.541687 0.2553304 1.1189779E-4 0.13931274 4.4759116E-4 7.120768E-5 6.205241E-4 0.06241862 
0.91814166 0.028096518 0.0 0.0015055338 7.120768E-5 8.544922E-4 0.0 0.051330566 
0.59259033 0.23100789 0.0 0.04078166 2.5431314E-4 0.0010070801 4.0690105E-5 0.13431804 
0.45003256 0.23846436 0.0 0.021158854 1.6276042E-4 4.5776367E-4 0.0 0.28972372 
0.25568643 0.011647542 4.0690105E-5 0.0063680015 2.0345053E-5 3.153483E-4 9.1552734E-5 0.7258301 
0.041300457 0.94959515 0.0 4.4759116E-4 1.1189779E-4 5.086263E-5 2.1362305E-4 0.0082804365 
0.3282064 0.6199443 0.0 0.015553792 0.0022074382 0.0020039876 4.0690105E-5 0.032043457 
0.041178387 0.9480998 0.0 3.7638345E-4 2.2379558E-4 5.086263E-5 2.746582E-4 0.009796143 
0.4284668 0.5605672 0.0 8.138021E-5 0.009399414 2.746582E-4 6.4086914E-4 5.6966144E-4 
0.11869303 0.8473511 9.86735E-4 0.0017496744 1.3224284E-4 1.0172526E-5 0.018300375 0.012776692 
0.9283447 0.005106608 8.239746E-4 0.009674072 8.748372E-4 0.0 8.748372E-4 0.054300945 
0.5602112 9.969076E-4 1.0172526E-4 3.0517578E-5 0.004099528 0.0020141602 0.0042622886 0.4282837 
0.06530762 0.0036112468 0.0 0.005910238 1.1189779E-4 1.0172526E-4 4.0690105E-5 0.92491657 
0.5178935 0.024637857 0.0 0.0058492026 0.0037434895 0.012064616 1.3224284E-4 0.4356791 
0.53374225 0.0035095215 0.0025939941 0.0073649087 0.22442627 0.0 0.13161214 0.09675089 
0.36697388 1.8310547E-4 0.009124756 0.009155273 0.011566162 0.0 0.28925577 0.31374106 
0.29310098 5.086263E-4 0.10534668 0.00592041 0.05223592 0.0 0.25512695 0.2877604 
0.43608603 0.006032308 0.014882405 0.25483194 0.012288411 0.0 0.1282552 0.1476237 
0.52420044 5.086263E-4 0.02214559 0.0016174316 0.05802409 0.0 0.34536743 0.048136394 
0.48224893 0.027313232 6.1035156E-4 0.008382161 0.08263143 3.4586588E-4 0.09162394 0.3068441 
0.4905192 5.086263E-5 0.15649414 4.984538E-4 0.012105306 4.272461E-4 0.022735596 0.3171692 
0.363739 0.013498942 0.0017903646 0.010396321 0.054087322 9.5621747E-4 0.10194906 0.45358276 
0.2907003 4.8828125E-4 0.07329305 0.022440592 0.055318195 0.0 0.20303345 0.35472617 
0.23540242 0.0013529459 0.022135416 0.0031433105 0.12189738 2.0345053E-5 0.33824667 0.2778015 
0.46928915 5.086263E-5 0.18631999 7.120768E-5 0.03951009 0.0 0.20483398 0.09992472 
0.32239786 0.012797038 0.0035298665 0.0015157064 0.07443237 0.0033162434 0.117370605 0.4646403 
0.7538147 3.0517578E-5 0.11260986 0.00289917 0.0 0.0 0.0070902505 0.123555504 
0.53407794 0.0012308756 0.11456299 0.0049438477 0.060150146 0.0 0.17891438 0.10611979 
0.33940634 0.0036417644 0.017171225 0.10166422 0.037770588 0.0 0.3080851 0.19226074 
0.4497274 0.008310954 0.05186971 0.022776285 0.0499471 1.0172526E-5 0.3485311 0.06882731 
0.43099976 3.9672852E-4 0.0021362305 6.8155926E-4 0.26713052 7.120768E-5 0.18344116 0.11514282 
0.5543925 1.2207031E-4 0.008249919 0.0 0.04139201 0.0037434895 0.14403279 0.24806722 
0.35025024 0.0042419434 0.009928386 4.0690105E-5 0.047302246 0.0032246907 0.07940674 0.50560504 
0.39527383 0.0053710938 0.006398519 5.5948895E-4 0.08235677 0.013834636 0.12346395 0.3727417 
0.49661255 0.0040486655 4.0690105E-5 4.984538E-4 0.18008423 0.0030008953 0.13768514 0.17802937 
0.52182007 0.006551107 0.0025736492 1.0172526E-5 0.10423788 0.028055826 0.036142986 0.3006083 
0.2332967 7.832845E-4 0.024424234 1.1189779E-4 0.08668009 3.153483E-4 0.15515137 0.49923706 
0.38908896 4.7810873E-4 0.06930542 1.4241536E-4 0.06869507 0.0014953613 0.2616577 0.20913696 
0.11505127 5.289714E-4 2.0345053E-5 9.256999E-4 0.051940918 5.187988E-4 0.30282593 0.52818805 
0.41669717 6.713867E-4 0.0015157064 0.0027567546 0.08207194 1.0172526E-5 0.23632812 0.25994873 
0.4088745 0.003092448 0.0 2.0345053E-5 0.23099773 0.0063680015 0.13006592 0.22058105 
0.36420694 0.009592692 0.0018717448 0.034128826 0.07129923 1.0172526E-4 0.2723185 0.2464803 
0.4185791 0.011494954 5.5948895E-4 0.010019938 0.0732015 4.0690105E-5 0.11593628 0.37016806 
0.5468953 0.0020446777 0.021006266 1.0172526E-5 0.08845011 0.022847494 0.040608723 0.2781372 
0.22734578 0.0141398115 0.0021158855 0.0016174316 0.09373983 0.00777181 0.15616862 0.49710083 
0.20362346 0.0 0.0 0.0 0.1410319 0.0 0.16582234 0.4895223 
0.2458903 0.0018717448 0.001953125 4.1707358E-4 0.09709676 0.007873535 0.08227539 0.5626221 
0.2853292 0.048472088 0.0 0.004699707 0.13290405 0.011474609 0.087249756 0.4298706 
0.2318217 2.644857E-4 0.0 0.0 0.37670898 0.019999186 0.10857137 0.26263428 
0.44830322 0.007863362 0.002298991 3.9672852E-4 0.100504555 0.043355305 0.10530599 0.29197183 
0.559377 0.0 0.10410563 0.0 0.028554281 0.0 0.14840698 0.15955608 
0.26419067 0.0046488442 0.06975301 0.029724121 0.10349528 1.0172526E-5 0.3178711 0.21030681 
0.3894755 0.006174723 0.0 1.0172526E-4 0.2316386 0.013092041 0.122802734 0.23671468 
0.28766885 0.004679362 0.0036824543 0.003133138 0.102142334 1.1189779E-4 0.10975138 0.48883057 
0.3139038 0.0051574707 0.0024515789 0.056793213 0.025054932 0.0 0.08892822 0.50771075 
0.31437173 0.006113688 0.0 1.8310547E-4 0.10911051 0.005259196 0.070617676 0.4943441 
0.34700522 0.001159668 0.25402832 1.3224284E-4 0.026570639 0.010203044 0.30670166 0.05419922 
0.4519755 0.006184896 0.0026753743 0.007914226 0.10534668 0.0010274252 0.12473551 0.30014038 
0.40722656 0.0014139811 0.003306071 0.0014139811 0.08098348 0.026163736 0.06346639 0.4160258 
0.28477988 0.0010986328 0.016835531 2.0345053E-5 0.13357544 6.713867E-4 0.114990234 0.44802856 
0.5722046 0.043558758 0.0 1.2207031E-4 0.14255778 0.024373373 0.01816813 0.1990153 
0.41377768 0.0062967935 0.0016276041 3.2552084E-4 0.09528605 0.0032653809 0.08080038 0.3986206 
0.25629678 0.0023091633 3.3569336E-4 0.001759847 0.17326863 2.339681E-4 0.23069255 0.33510336 
