0.936187744140625 4.0690104166666664e-05 0.0011189778645833333 0.00023396809895833334 0.014129638671875 0.0 0.016082763671875 0.032206217447916664 
0.7136332194010416 0.0003255208333333333 0.000274658203125 0.0 0.11712646484375 0.0009867350260416667 0.061197916666666664 0.10645548502604167 
0.4681498209635417 0.037994384765625 0.0002644856770833333 0.00640869140625 0.08658854166666667 0.006876627604166667 0.036916097005208336 0.3568013509114583 
0.7674763997395834 0.0002848307291666667 0.014892578125 8.138020833333333e-05 0.0325927734375 0.0002950032552083333 0.036387125651041664 0.14798990885416666 
0.7150065104166666 1.0172526041666666e-05 0.017110188802083332 3.0517578125e-05 0.041849772135416664 0.0 0.07476806640625 0.15122477213541666 
0.7195841471354166 0.000335693359375 0.008687337239583334 0.0 0.092742919921875 0.0009053548177083334 0.061147054036458336 0.11659749348958333 
0.5430399576822916 0.0005086263020833334 0.003021240234375 5.0862630208333336e-05 0.08937581380208333 0.0003560384114583333 0.09443155924479167 0.2692159016927083 
0.7757364908854166 0.000640869140625 0.019429524739583332 0.0034688313802083335 0.029754638671875 0.0025227864583333335 0.023996988932291668 0.14444986979166666 
0.834381103515625 0.021840413411458332 0.0008951822916666666 0.006500244140625 0.017720540364583332 0.0019938151041666665 0.014994303385416666 0.10167439778645833 
0.7336934407552084 2.0345052083333332e-05 0.013682047526041666 2.0345052083333332e-05 0.042246500651041664 5.0862630208333336e-05 0.048838297526041664 0.16144816080729166 
0.6870829264322916 0.0008951822916666666 0.0010884602864583333 9.1552734375e-05 0.07133992513020833 0.0007222493489583334 0.062266031901041664 0.176513671875 
0.8294779459635416 0.01544189453125 0.008524576822916666 0.005879720052083333 0.029642740885416668 0.00022379557291666666 0.031494140625 0.079315185546875 
0.4671630859375 0.001312255859375 0.000579833984375 0.00048828125 0.18022664388020834 0.000244140625 0.15782674153645834 0.19215901692708334 
0.8281453450520834 0.00018310546875 0.010121663411458334 0.000396728515625 0.033772786458333336 0.00011189778645833333 0.029500325520833332 0.09776814778645833 
0.9095357259114584 0.0007222493489583334 0.0033162434895833335 0.00020345052083333334 0.027852376302083332 9.1552734375e-05 0.016215006510416668 0.042063395182291664 
0.81622314453125 0.001678466796875 0.00019327799479166666 0.000518798828125 0.0294189453125 0.000579833984375 0.01177978515625 0.13960774739583334 
0.78961181640625 0.000823974609375 0.07618204752604167 0.0003153483072916667 0.0250244140625 0.0008341471354166666 0.036549886067708336 0.07065836588541667 
0.816253662109375 0.0037841796875 0.059712727864583336 0.0033060709635416665 0.052642822265625 0.00634765625 0.024668375651041668 0.033284505208333336 
0.19976806640625 0.72930908203125 0.0 0.06479899088541667 0.006113688151041667 0.0 0.0 1.0172526041666666e-05 
0.07136027018229167 0.9270528157552084 0.0 3.0517578125e-05 0.0014546712239583333 5.0862630208333336e-05 0.0 5.0862630208333336e-05 
0.6600748697916666 0.005655924479166667 0.149688720703125 0.005360921223958333 0.09740193684895833 0.004547119140625 0.027079264322916668 0.050191243489583336 
0.4840901692708333 0.13739013671875 0.00013224283854166666 0.174285888671875 0.0002644856770833333 4.0690104166666664e-05 0.0001220703125 0.20367431640625 
0.5715128580729166 0.07623291015625 1.0172526041666666e-05 0.09223429361979167 0.0011494954427083333 0.0006815592447916666 0.0001220703125 0.258056640625 
0.93756103515625 0.014434814453125 0.0 5.0862630208333336e-05 0.008249918619791666 0.0023701985677083335 8.138020833333333e-05 0.037251790364583336 
0.3333028157552083 0.033742268880208336 0.0 0.0445556640625 0.004923502604166667 3.0517578125e-05 0.0023193359375 0.5811258951822916 
0.14101155598958334 0.85400390625 6.103515625e-05 0.00019327799479166666 0.0009663899739583334 5.0862630208333336e-05 0.0006103515625 0.0031026204427083335 
0.9022928873697916 0.004954020182291667 0.06783040364583333 0.0007120768229166666 0.00019327799479166666 0.0007425944010416666 0.0035196940104166665 0.019755045572916668 
0.8068644205729166 0.00164794921875 0.09215291341145833 0.00323486328125 0.0012613932291666667 0.00013224283854166666 0.02239990234375 0.07230631510416667 
0.9199320475260416 0.006764729817708333 0.0036824544270833335 0.008778889973958334 0.0006205240885416666 0.0 0.0025634765625 0.057657877604166664 
0.9202982584635416 0.0017496744791666667 0.017283121744791668 0.0042724609375 7.120768229166667e-05 0.0 0.006103515625 0.050221761067708336 
0.09763590494791667 0.24720255533854166 0.000213623046875 0.64996337890625 0.0007425944010416666 0.0 0.0005696614583333334 0.0036722819010416665 
0.9394632975260416 0.0022379557291666665 0.002655029296875 0.0011393229166666667 0.0003662109375 2.0345052083333332e-05 0.003509521484375 0.050608317057291664 
0.9533894856770834 0.009368896484375 0.0034586588541666665 0.0012410481770833333 0.0003662109375 0.000457763671875 0.0011088053385416667 0.030609130859375 
0.9372456868489584 0.0024515787760416665 0.017181396484375 0.0026448567708333335 0.000335693359375 0.0 0.0016276041666666667 0.03851318359375 
0.172698974609375 0.820953369140625 2.0345052083333332e-05 9.1552734375e-05 0.0013834635416666667 1.0172526041666666e-05 0.0010986328125 0.0037434895833333335 
0.9483744303385416 0.0018412272135416667 0.006388346354166667 0.0009969075520833333 0.0016581217447916667 0.0005391438802083334 0.0025736490885416665 0.037628173828125 
0.7074483235677084 1.0172526041666666e-05 0.06803385416666667 0.10875447591145833 0.0002950032552083333 0.0 0.0011800130208333333 0.11427815755208333 
0.78668212890625 0.022023518880208332 3.0517578125e-05 0.0015970865885416667 0.00011189778645833333 0.004913330078125 4.0690104166666664e-05 0.184600830078125 
0.82562255859375 0.01812744140625 5.0862630208333336e-05 0.0390625 0.00016276041666666666 0.0006612141927083334 5.0862630208333336e-05 0.11626180013020833 
0.8104756673177084 0.017364501953125 0.0 0.0018310546875 0.034250895182291664 0.010213216145833334 0.005025227864583333 0.12083943684895833 
0.7532450358072916 0.014801025390625 0.0008748372395833334 0.009663899739583334 0.016459147135416668 9.1552734375e-05 0.015828450520833332 0.18903605143229166 
0.8346659342447916 0.0013020833333333333 0.0 1.0172526041666666e-05 0.07899983723958333 0.0032857259114583335 0.00982666015625 0.07190958658854167 
0.9756266276041666 0.00017293294270833334 0.0 0.0 0.0010477701822916667 0.000946044921875 5.0862630208333336e-05 0.02215576171875 
0.764739990234375 0.009104410807291666 0.004750569661458333 0.0016581217447916667 0.005411783854166667 0.0025227864583333335 0.0009969075520833333 0.2108154296875 
0.7288920084635416 0.07233683268229167 0.0 0.039449055989583336 0.00014241536458333334 0.0005289713541666666 7.120768229166667e-05 0.15857950846354166 
0.6213887532552084 0.08323160807291667 0.0001220703125 0.09079996744791667 0.0128173828125 0.001129150390625 0.006134033203125 0.18437703450520834 
0.6333821614583334 0.3641764322916667 0.0 0.0003255208333333333 6.103515625e-05 0.00017293294270833334 0.0 0.0018819173177083333 
0.9778238932291666 0.000518798828125 0.0 0.000152587890625 0.00014241536458333334 0.0004781087239583333 4.0690104166666664e-05 0.020843505859375 
0.6306254069010416 0.079742431640625 0.0003865559895833333 0.077484130859375 0.017476399739583332 0.0008138020833333334 0.004130045572916667 0.18934122721354166 
0.8498026529947916 0.024281819661458332 0.000946044921875 0.012237548828125 0.055226643880208336 0.008076985677083334 0.011678059895833334 0.037750244140625 
0.837921142578125 0.09135945638020833 0.0012308756510416667 0.0034281412760416665 0.008229573567708334 0.007436116536458333 0.006744384765625 0.043650309244791664 
0.737945556640625 0.13251749674479166 4.0690104166666664e-05 0.0034993489583333335 0.054850260416666664 0.025858561197916668 0.00341796875 0.0418701171875 
0.822418212890625 0.107177734375 3.0517578125e-05 0.011484781901041666 0.028788248697916668 0.005442301432291667 0.011037190755208334 0.013621012369791666 
0.8267618815104166 0.0006815592447916666 0.056915283203125 0.07991536458333333 0.0047607421875 1.0172526041666666e-05 0.007639567057291667 0.0233154296875 
0.7913004557291666 0.03570556640625 2.0345052083333332e-05 0.005828857421875 0.0091552734375 0.007741292317708333 0.0004781087239583333 0.14977010091145834 
0.7608846028645834 0.18684895833333334 0.0 0.027577718098958332 0.0002543131510416667 0.0 0.0 0.024434407552083332 
0.7364908854166666 0.02471923828125 0.000152587890625 0.016774495442708332 0.0005594889322916666 8.138020833333333e-05 0.000244140625 0.220977783203125 
0.7008870442708334 0.037445068359375 0.00019327799479166666 0.045318603515625 0.002105712890625 0.00079345703125 0.0012105305989583333 0.21204630533854166 
0.875762939453125 0.09746297200520833 0.0004679361979166667 0.0003458658854166667 0.00042724609375 0.0013529459635416667 0.00011189778645833333 0.024068196614583332 
0.9213358561197916 0.047119140625 2.0345052083333332e-05 0.017374674479166668 9.1552734375e-05 3.0517578125e-05 0.0 0.014027913411458334 
0.7955525716145834 0.06782023111979167 0.0015767415364583333 0.045379638671875 0.0004475911458333333 0.00020345052083333334 0.0007120768229166666 0.08830769856770833 
0.4520670572916667 2.0345052083333332e-05 0.019480387369791668 0.005828857421875 0.008544921875 0.0 0.059193929036458336 0.454864501953125 
0.9436848958333334 0.0015970865885416667 0.0003662109375 0.0021464029947916665 0.0012308756510416667 0.0 0.0005391438802083334 0.050435384114583336 
0.946990966796875 0.004099527994791667 0.004730224609375 0.0028889973958333335 0.00115966796875 2.0345052083333332e-05 0.0010782877604166667 0.039031982421875 
0.86236572265625 0.00030517578125 0.07828776041666667 0.000244140625 0.006296793619791667 0.00011189778645833333 0.023590087890625 0.028798421223958332 
0.89117431640625 0.001983642578125 0.017303466796875 0.007425944010416667 0.0002950032552083333 5.0862630208333336e-05 0.005808512369791667 0.075958251953125 
0.191864013671875 0.7983500162760416 0.0 0.0008748372395833334 0.004638671875 0.0 0.0006205240885416666 0.0036519368489583335 
0.8584187825520834 0.00177001953125 0.057779947916666664 0.0004374186197916667 0.004262288411458333 0.004384358723958333 0.021230061848958332 0.051717122395833336 
0.8773701985677084 0.004954020182291667 0.041086832682291664 0.0004679361979166667 0.0005391438802083334 0.0002644856770833333 0.016011555989583332 0.059305826822916664 
0.6858418782552084 0.003875732421875 0.0024820963541666665 0.030568440755208332 0.0023905436197916665 0.001312255859375 0.0009663899739583334 0.2725626627604167 
0.8497111002604166 0.003662109375 0.016398111979166668 0.015625 0.005157470703125 4.0690104166666664e-05 0.007914225260416666 0.10149129231770833 
0.775909423828125 0.21882120768229166 0.0 0.000701904296875 0.0006205240885416666 3.0517578125e-05 9.1552734375e-05 0.0038248697916666665 
0.3794453938802083 0.5859476725260416 0.0 0.0015869140625 0.000244140625 0.0032246907552083335 0.0 0.029551188151041668 
0.7925008138020834 0.009694417317708334 0.0399169921875 0.005177815755208333 0.017618815104166668 0.0015869140625 0.007619222005208333 0.125885009765625 
0.8416239420572916 0.009012858072916666 0.0004069010416666667 0.0009358723958333334 0.0016886393229166667 0.0007731119791666666 0.0008036295572916666 0.14475504557291666 
0.5921122233072916 0.08644612630208333 0.0008138020833333334 0.19356282552083334 0.0031229654947916665 0.0010884602864583333 0.0022074381510416665 0.12064615885416667 
0.344482421875 0.21978759765625 0.00016276041666666666 0.2646382649739583 0.0007425944010416666 0.00023396809895833334 0.0007832845052083334 0.16916910807291666 
0.5720926920572916 0.025177001953125 0.06048583984375 0.031168619791666668 0.0009663899739583334 4.0690104166666664e-05 0.005208333333333333 0.3048604329427083 
0.6183878580729166 0.056111653645833336 0.051279703776041664 0.048848470052083336 0.0007832845052083334 3.0517578125e-05 0.0023396809895833335 0.22221883138020834 
0.6212972005208334 0.07972208658854167 0.01416015625 0.14604695638020834 0.0029500325520833335 0.0002644856770833333 0.0023600260416666665 0.13319905598958334 
0.4597676595052083 0.07596842447916667 0.0003560384114583333 0.15694173177083334 0.0016886393229166667 0.00023396809895833334 0.0017903645833333333 0.303253173828125 
0.5302022298177084 0.00018310546875 0.004964192708333333 0.143310546875 0.0 0.0 0.00341796875 0.3179219563802083 
0.6743876139322916 0.011362711588541666 0.011240641276041666 0.10772705078125 6.103515625e-05 0.0 0.011739095052083334 0.18348185221354166 
0.5966898600260416 0.01080322265625 0.005971272786458333 0.041483561197916664 0.000152587890625 0.0 0.005910237630208333 0.3389892578125 
0.5595703125 0.15016682942708334 0.0012613932291666667 0.17680867513020834 0.0017903645833333333 0.0005900065104166666 0.0013427734375 0.10846964518229167 
0.475677490234375 0.20398966471354166 0.00238037109375 0.141387939453125 0.018290201822916668 0.0 0.013153076171875 0.14512125651041666 
0.75714111328125 0.017669677734375 0.004506429036458333 0.0025838216145833335 0.031331380208333336 0.0018412272135416667 0.016876220703125 0.16805013020833334 
0.3076578776041667 0.4524129231770833 0.0002644856770833333 0.005147298177083333 0.007334391276041667 0.0025634765625 0.003631591796875 0.22098795572916666 
0.579864501953125 0.17902628580729166 0.0009053548177083334 0.006306966145833333 0.014668782552083334 0.0006917317708333334 0.014699300130208334 0.20383707682291666 
0.7198689778645834 0.0015360514322916667 0.14302571614583334 0.0011189778645833333 0.0012105305989583333 0.00016276041666666666 0.07545979817708333 0.0576171875 
0.832183837890625 0.043121337890625 0.039449055989583336 0.00518798828125 0.0004984537760416666 0.004730224609375 0.00933837890625 0.06549072265625 
0.8104146321614584 0.17657470703125 0.0 0.001068115234375 0.00013224283854166666 0.0 2.0345052083333332e-05 0.011789957682291666 
0.6001688639322916 0.3084615071614583 0.00016276041666666666 0.07007853190104167 0.0 2.0345052083333332e-05 0.0 0.021107991536458332 
0.975341796875 0.0006917317708333334 0.00013224283854166666 0.000732421875 0.00019327799479166666 0.00022379557291666666 5.0862630208333336e-05 0.022633870442708332 
0.9658304850260416 0.0006306966145833334 2.0345052083333332e-05 0.0010579427083333333 0.00011189778645833333 0.0 8.138020833333333e-05 0.032267252604166664 
0.7512105305989584 0.016286214192708332 2.0345052083333332e-05 0.0012919108072916667 0.040842692057291664 0.0024007161458333335 0.018697102864583332 0.16925048828125 
0.7322896321614584 0.0034688313802083335 0.0011800130208333333 0.0023396809895833335 0.019663492838541668 1.0172526041666666e-05 0.025380452473958332 0.215667724609375 
0.5118509928385416 0.030375162760416668 0.0011698404947916667 0.030466715494791668 0.010457356770833334 0.00013224283854166666 0.012227376302083334 0.4033203125 
0.912109375 0.012603759765625 0.0003458658854166667 0.02935791015625 0.010965983072916666 1.0172526041666666e-05 0.009796142578125 0.024810791015625 
0.7930501302083334 0.021046956380208332 0.0034281412760416665 0.089599609375 0.0008036295572916666 0.0 0.001251220703125 0.0908203125 
0.47222900390625 0.016184488932291668 0.000213623046875 0.0024515787760416665 0.13421630859375 0.003326416015625 0.060760498046875 0.3106180826822917 
0.647247314453125 0.0029296875 0.09023030598958333 0.03533935546875 0.025980631510416668 1.0172526041666666e-05 0.090667724609375 0.10759480794270833 
0.36767578125 0.199432373046875 0.0004679361979166667 0.22359212239583334 0.030110677083333332 0.000762939453125 0.008565266927083334 0.16939290364583334 
0.7764485677083334 0.027547200520833332 0.004557291666666667 0.013916015625 0.071075439453125 0.005533854166666667 0.034423828125 0.066497802734375 
0.67633056640625 0.011037190755208334 0.00017293294270833334 0.0017903645833333333 0.036285400390625 0.0005696614583333334 0.022725423177083332 0.2510884602864583 
0.7855733235677084 0.0 0.037760416666666664 0.00933837890625 0.021647135416666668 0.0 0.0919189453125 0.053761800130208336 
0.24883015950520834 0.03619384765625 0.00022379557291666666 0.130828857421875 0.017181396484375 0.0003560384114583333 0.006296793619791667 0.560089111328125 
0.150146484375 0.007649739583333333 0.0 0.040445963541666664 0.0008544921875 0.0013020833333333333 0.0 0.7996012369791666 
0.7018534342447916 0.000396728515625 0.0037333170572916665 4.0690104166666664e-05 0.15741984049479166 0.0007731119791666666 0.08294677734375 0.052836100260416664 
0.47113037109375 0.004038492838541667 0.01690673828125 0.2668355305989583 0.08664957682291667 0.0 0.13355509440104166 0.020884195963541668 
0.6644694010416666 0.038187662760416664 0.0 0.00506591796875 0.206268310546875 0.005167643229166667 0.044565836588541664 0.036275227864583336 
0.6481831868489584 0.016448974609375 0.0026143391927083335 0.039815266927083336 0.124542236328125 2.0345052083333332e-05 0.044698079427083336 0.12367757161458333 
0.5596516927083334 0.011922200520833334 0.0031840006510416665 0.0257568359375 0.030537923177083332 0.000732421875 0.025614420572916668 0.3426005045572917 
0.6794942220052084 0.012461344401041666 0.022379557291666668 0.052541097005208336 0.08665974934895833 2.0345052083333332e-05 0.08833821614583333 0.05810546875 
0.943359375 0.005269368489583333 0.000244140625 0.0038350423177083335 0.013071695963541666 0.0 0.013621012369791666 0.020599365234375 
0.5559285481770834 0.0032755533854166665 0.0032552083333333335 0.007578531901041667 0.17270914713541666 0.0003458658854166667 0.108154296875 0.14875284830729166 
0.5927937825520834 0.018666585286458332 0.09940592447916667 0.11088053385416667 0.02313232421875 3.0517578125e-05 0.061940511067708336 0.09314982096354167 
0.7797648111979166 0.0030008951822916665 0.033162434895833336 0.016499837239583332 0.028493245442708332 1.0172526041666666e-05 0.09193929036458333 0.047129313151041664 
0.8470357259114584 0.053782145182291664 0.0011393229166666667 0.026875813802083332 0.040059407552083336 2.0345052083333332e-05 0.009246826171875 0.021840413411458332 
0.62841796875 0.019643147786458332 0.045389811197916664 0.09888712565104167 0.024098714192708332 0.0 0.060923258463541664 0.12263997395833333 
0.8647562662760416 0.003631591796875 0.0189208984375 0.014872233072916666 0.026275634765625 1.0172526041666666e-05 0.027598063151041668 0.043935139973958336 
0.7342631022135416 0.021748860677083332 0.0019327799479166667 0.009429931640625 0.09093221028645833 0.0008036295572916666 0.054484049479166664 0.08640543619791667 
0.76708984375 0.006001790364583333 0.008076985677083334 0.005869547526041667 0.049102783203125 0.0004475911458333333 0.052480061848958336 0.110931396484375 
0.8472696940104166 1.0172526041666666e-05 0.00020345052083333334 6.103515625e-05 0.055887858072916664 0.000579833984375 0.031412760416666664 0.0645751953125 
0.5998738606770834 0.0002848307291666667 0.007619222005208333 0.0033772786458333335 0.0601806640625 0.0 0.18864949544270834 0.1400146484375 
0.831634521484375 0.0006510416666666666 4.0690104166666664e-05 0.00014241536458333334 0.08366902669270833 0.00022379557291666666 0.049713134765625 0.033925374348958336 
0.5338236490885416 0.00177001953125 0.038828531901041664 0.028900146484375 0.015879313151041668 0.0 0.08502197265625 0.2957763671875 
0.8324178059895834 6.103515625e-05 0.0016377766927083333 0.00030517578125 0.082855224609375 0.00020345052083333334 0.027943929036458332 0.054575602213541664 
0.5984598795572916 0.0011698404947916667 0.00213623046875 0.0033162434895833335 0.06260172526041667 0.000152587890625 0.03857421875 0.2935892740885417 
0.291900634765625 0.054951985677083336 6.103515625e-05 0.07407633463541667 0.029530843098958332 0.00013224283854166666 0.005035400390625 0.5443115234375 
0.5096232096354166 0.0022074381510416665 0.0008748372395833334 0.001983642578125 0.119842529296875 0.000274658203125 0.18963623046875 0.17555745442708334 
0.5643717447916666 0.007792154947916667 0.0 1.0172526041666666e-05 0.151458740234375 0.005198160807291667 0.121307373046875 0.14986165364583334 
0.377838134765625 0.009897867838541666 0.0017598470052083333 0.0225830078125 0.013956705729166666 2.0345052083333332e-05 0.006591796875 0.567352294921875 
0.6115824381510416 0.0012919108072916667 0.001708984375 0.0011189778645833333 0.01715087890625 0.000244140625 0.026804606119791668 0.3400980631510417 
0.7158711751302084 0.0 0.006591796875 0.00020345052083333334 0.051981608072916664 0.0 0.146759033203125 0.07859293619791667 
0.5230814615885416 0.010335286458333334 0.0012308756510416667 0.016794840494791668 0.06312052408854167 5.0862630208333336e-05 0.048756917317708336 0.3366292317708333 
0.18742879231770834 0.17401123046875 1.0172526041666666e-05 0.257293701171875 0.038258870442708336 0.0008443196614583334 0.020619710286458332 0.321533203125 
0.6860758463541666 0.0029500325520833335 0.002166748046875 0.026326497395833332 0.053955078125 0.0 0.16477457682291666 0.063751220703125 
0.350616455078125 0.041615804036458336 5.0862630208333336e-05 0.044789632161458336 0.0496826171875 0.00048828125 0.009531656901041666 0.5032246907552084 
0.6057535807291666 0.16367594401041666 0.0011494954427083333 0.0277099609375 0.0028788248697916665 0.0 0.004302978515625 0.19452921549479166 
0.435333251953125 0.0018107096354166667 4.0690104166666664e-05 0.009490966796875 0.13873291015625 0.0004781087239583333 0.24858601888020834 0.16552734375 
0.8840738932291666 0.009796142578125 1.0172526041666666e-05 0.0009562174479166666 0.017140706380208332 0.0021870930989583335 0.005889892578125 0.07994588216145833 
0.6806742350260416 0.0037638346354166665 0.005126953125 0.005594889322916667 0.051544189453125 0.0004069010416666667 0.08815511067708333 0.16473388671875 
0.7463277180989584 0.0031636555989583335 0.0035807291666666665 0.009012858072916666 0.036000569661458336 0.0006001790364583334 0.06585693359375 0.13545735677083334 
0.5087687174479166 0.011484781901041666 0.0 0.00323486328125 0.053212483723958336 0.009389241536458334 0.009084065755208334 0.4048258463541667 
0.58099365234375 0.00020345052083333334 0.0012919108072916667 2.0345052083333332e-05 0.200897216796875 0.0005391438802083334 0.15552775065104166 0.060526529947916664 
0.62359619140625 0.038238525390625 0.012257893880208334 0.01470947265625 0.035878499348958336 7.120768229166667e-05 0.169219970703125 0.10602823893229167 
0.5841471354166666 0.0 0.0 0.0 0.043660481770833336 0.0002543131510416667 0.10637410481770833 0.26556396484375 
0.64605712890625 1.0172526041666666e-05 0.008799235026041666 0.0 0.043711344401041664 0.0006205240885416666 0.07926432291666667 0.22153727213541666 
0.68206787109375 0.129241943359375 0.035563151041666664 0.008504231770833334 0.002716064453125 0.00018310546875 0.033966064453125 0.107757568359375 
0.5377705891927084 0.008433024088541666 1.0172526041666666e-05 0.0030721028645833335 0.009379069010416666 0.0018513997395833333 0.007792154947916667 0.4316914876302083 
0.4474995930989583 0.010111490885416666 0.0013224283854166667 0.06514485677083333 0.08447265625 0.0004170735677083333 0.10096232096354167 0.290069580078125 
0.6400655110677084 1.0172526041666666e-05 0.00016276041666666666 2.0345052083333332e-05 0.018513997395833332 9.1552734375e-05 0.033315022786458336 0.3078206380208333 
0.8816019694010416 0.0011698404947916667 0.011138916015625 6.103515625e-05 0.027211507161458332 0.0003662109375 0.031768798828125 0.046681722005208336 
0.7513936360677084 0.0 0.0005086263020833334 0.0 0.08335367838541667 0.0 0.10017903645833333 0.06456502278645833 
0.5828959147135416 0.12787882486979166 0.012664794921875 0.14748128255208334 0.011708577473958334 0.0 0.089202880859375 0.028167724609375 
0.371551513671875 0.011566162109375 3.0517578125e-05 0.004608154296875 0.035868326822916664 0.003509521484375 0.011179606119791666 0.5616861979166666 
0.5761006673177084 5.0862630208333336e-05 0.0 0.0 0.027435302734375 0.0003153483072916667 0.18494669596354166 0.211151123046875 
0.4770100911458333 0.0 0.006500244140625 1.0172526041666666e-05 0.037180582682291664 0.0 0.2684529622395833 0.210845947265625 
0.5699055989583334 2.0345052083333332e-05 8.138020833333333e-05 0.0 0.04644775390625 0.0013020833333333333 0.083404541015625 0.2988382975260417 
0.180694580078125 0.0025634765625 0.0008544921875 0.7215067545572916 0.008371988932291666 0.0 0.011454264322916666 0.074554443359375 
0.63787841796875 0.0025736490885416665 0.034861246744791664 0.000335693359375 0.035227457682291664 0.0015970865885416667 0.07198079427083333 0.215545654296875 
0.737579345703125 0.001312255859375 0.013346354166666666 0.031453450520833336 0.0035502115885416665 0.0 0.007883707682291666 0.20487467447916666 
0.6821390787760416 0.01922607421875 0.004475911458333333 0.09910074869791667 0.016977945963541668 0.0 0.01934814453125 0.15873209635416666 
0.7072652180989584 0.004302978515625 0.0002543131510416667 0.0024210611979166665 0.007344563802083333 0.0017598470052083333 0.002197265625 0.2744547526041667 
0.18719482421875 0.07480875651041667 0.000518798828125 0.07973225911458333 0.021280924479166668 2.0345052083333332e-05 0.285430908203125 0.35101318359375 
0.55450439453125 0.009958902994791666 0.030609130859375 0.041066487630208336 0.00335693359375 0.00013224283854166666 0.02569580078125 0.3346761067708333 
0.2833455403645833 0.25054931640625 0.020365397135416668 0.2764180501302083 0.011077880859375 0.0003865559895833333 0.014434814453125 0.14342244466145834 
0.8744405110677084 0.0 0.0012410481770833333 0.00023396809895833334 0.046742757161458336 0.0 0.0242919921875 0.053049723307291664 
0.22873942057291666 2.0345052083333332e-05 0.002471923828125 0.0003763834635416667 0.009775797526041666 0.0 0.035451253255208336 0.7231648763020834 
0.566375732421875 0.000152587890625 0.0048828125 0.010772705078125 0.19651285807291666 0.0 0.079132080078125 0.14217122395833334 
0.65948486328125 0.006083170572916667 0.018086751302083332 0.006032307942708333 0.017923990885416668 0.0004781087239583333 0.054005940755208336 0.23790486653645834 
0.4052327473958333 4.0690104166666664e-05 0.0010274251302083333 0.000213623046875 0.048441569010416664 0.0 0.026163736979166668 0.5188802083333334 
0.7099100748697916 0.0 0.00091552734375 0.0004475911458333333 0.05975341796875 0.0 0.005126953125 0.223846435546875 
0.439422607421875 0.00042724609375 0.32330322265625 0.0011698404947916667 0.007100423177083333 7.120768229166667e-05 0.019195556640625 0.20930989583333334 
0.4527486165364583 0.012440999348958334 0.025014241536458332 0.3526102701822917 0.028391520182291668 2.0345052083333332e-05 0.02996826171875 0.09880574544270833 
0.33966064453125 0.0015970865885416667 0.003753662109375 0.6208394368489584 0.008310953776041666 0.0 0.004069010416666667 0.021769205729166668 
0.8936869303385416 0.0 0.0012105305989583333 0.00018310546875 0.036478678385416664 0.0 0.021881103515625 0.046559651692708336 
0.6758219401041666 0.017720540364583332 0.00164794921875 0.004974365234375 0.023335774739583332 0.005605061848958333 0.017313639322916668 0.2535807291666667 
0.9148152669270834 0.0 0.00189208984375 0.0003662109375 0.027242024739583332 0.0 0.013234456380208334 0.042449951171875 
0.3983154296875 0.016520182291666668 0.026885986328125 0.4668375651041667 0.006968180338541667 0.00023396809895833334 0.008066813151041666 0.076171875 
0.5236307779947916 0.029876708984375 0.016347249348958332 0.2725321451822917 0.045989990234375 1.0172526041666666e-05 0.015675862630208332 0.09593709309895833 
0.5330403645833334 0.0 2.0345052083333332e-05 0.0 0.345703125 0.001068115234375 0.06976318359375 0.050404866536458336 
0.22467041015625 0.0003255208333333333 0.003814697265625 0.000579833984375 0.008626302083333334 1.0172526041666666e-05 0.08339436848958333 0.6785786946614584 
0.473846435546875 0.011871337890625 0.031585693359375 0.038350423177083336 0.0019022623697916667 0.00018310546875 0.004770914713541667 0.4374898274739583 
0.6433308919270834 0.000244140625 0.000640869140625 9.1552734375e-05 0.24415079752604166 0.0008544921875 0.072235107421875 0.0384521484375 
0.3478291829427083 0.0008646647135416666 0.005523681640625 0.2817179361979167 0.13675944010416666 0.0 0.19378662109375 0.033518473307291664 
0.580535888671875 0.0004679361979166667 0.09912109375 0.0011800130208333333 0.013020833333333334 3.0517578125e-05 0.10887654622395833 0.19676717122395834 
0.7249755859375 0.0028076171875 0.108123779296875 0.005381266276041667 0.013112386067708334 1.0172526041666666e-05 0.06385294596354167 0.08173624674479167 
0.488525390625 0.0009053548177083334 0.09508260091145833 0.023030598958333332 0.02490234375 0.0 0.19047037760416666 0.17708333333333334 
0.582977294921875 0.0003458658854166667 0.014139811197916666 0.0011698404947916667 0.06562296549479167 0.0025431315104166665 0.10893758138020833 0.22426350911458334 
0.53656005859375 0.016855875651041668 0.08794148763020833 0.01434326171875 0.029154459635416668 0.0004679361979166667 0.09073893229166667 0.22393798828125 
0.5371907552083334 0.0024007161458333335 0.068511962890625 0.015228271484375 0.040191650390625 0.000335693359375 0.17525227864583334 0.160888671875 
0.7437032063802084 0.0013529459635416667 0.0001220703125 0.008707682291666666 0.11078898111979167 0.0 0.06502278645833333 0.07030232747395833 
0.2949727376302083 0.0 0.09552001953125 0.03857421875 0.017934163411458332 0.0 0.18513997395833334 0.36785888671875 
0.6132303873697916 0.0 0.048909505208333336 0.0 0.07008870442708333 0.0 0.16175333658854166 0.10601806640625 
0.5118204752604166 0.0 0.090606689453125 0.015736897786458332 0.030659993489583332 5.0862630208333336e-05 0.26873779296875 0.08238728841145833 
0.8004048665364584 0.00128173828125 0.006724039713541667 0.00019327799479166666 0.081573486328125 0.0005086263020833334 0.06640625 0.04290771484375 
0.892425537109375 0.0 0.004801432291666667 0.0 0.034515380859375 0.0 0.038350423177083336 0.0299072265625 
0.4287312825520833 0.007415771484375 0.024332682291666668 0.032613118489583336 0.011749267578125 0.0003153483072916667 0.09779866536458333 0.3970438639322917 
0.6888529459635416 0.00016276041666666666 0.00019327799479166666 1.0172526041666666e-05 0.147186279296875 0.0001220703125 0.099029541015625 0.06444295247395833 
0.7627970377604166 0.0 0.005584716796875 0.0 0.16496785481770834 0.0 0.038675944010416664 0.027974446614583332 
0.9897359212239584 0.0 4.0690104166666664e-05 0.0 0.005462646484375 0.0 0.003173828125 0.0015869140625 
0.398895263671875 0.039520263671875 0.000152587890625 0.0031026204427083335 0.1116943359375 7.120768229166667e-05 0.13669840494791666 0.3098653157552083 
0.4340718587239583 0.000335693359375 0.015146891276041666 0.000335693359375 0.031524658203125 0.001434326171875 0.049855550130208336 0.4672953287760417 
0.3861592610677083 0.004038492838541667 0.08479817708333333 0.020182291666666668 0.021535237630208332 0.0013834635416666667 0.09618123372395833 0.3857218424479167 
0.6184794108072916 0.000213623046875 1.0172526041666666e-05 4.0690104166666664e-05 0.124542236328125 9.1552734375e-05 0.07050577799479167 0.18611653645833334 
0.3179219563802083 0.038258870442708336 1.0172526041666666e-05 0.06337483723958333 0.3633321126302083 0.0010579427083333333 0.032541910807291664 0.183502197265625 
0.5880533854166666 0.05084228515625 0.0003153483072916667 0.13631184895833334 0.13441975911458334 3.0517578125e-05 0.07746378580729167 0.012563069661458334 
0.805419921875 0.0 0.0009663899739583334 1.0172526041666666e-05 0.11783854166666667 0.0 0.07317097981770833 0.002593994140625 
0.53863525390625 0.0 0.0007120768229166666 0.0002644856770833333 0.075286865234375 0.0 0.3335469563802083 0.051554361979166664 
0.8008321126302084 0.004130045572916667 0.0008544921875 0.0013529459635416667 0.058695475260416664 0.0006103515625 0.046142578125 0.08738199869791667 
0.4586181640625 0.0025227864583333335 0.011739095052083334 0.152984619140625 0.06959025065104167 6.103515625e-05 0.11192830403645833 0.19255574544270834 
0.8491414388020834 0.0 1.0172526041666666e-05 0.0 0.118743896484375 0.0 0.030954996744791668 0.0011494954427083333 
0.5629170735677084 0.0 0.0002950032552083333 0.0 0.3218790690104167 0.00011189778645833333 0.102935791015625 0.011861165364583334 
0.4113566080729167 0.0 0.0009867350260416667 0.0 0.3774617513020833 0.0 0.2052001953125 0.004994710286458333 
0.607025146484375 0.0006612141927083334 0.0022176106770833335 0.00014241536458333334 0.116455078125 0.0020243326822916665 0.07701619466145833 0.1944580078125 
0.50592041015625 0.023783365885416668 3.0517578125e-05 1.0172526041666666e-05 0.3552144368489583 0.003957112630208333 0.094146728515625 0.016937255859375 
0.6071065266927084 0.00019327799479166666 0.00030517578125 0.00019327799479166666 0.17578125 0.000701904296875 0.09079996744791667 0.12491861979166667 
0.2941385904947917 0.0 0.0 0.0 0.6603902180989584 0.0 0.044077555338541664 0.0013936360677083333 
0.3812052408854167 1.0172526041666666e-05 5.0862630208333336e-05 0.0 0.11539713541666667 0.00010172526041666667 0.10621134440104167 0.3970235188802083 
0.7485860188802084 0.0 2.0345052083333332e-05 0.0 0.153900146484375 0.0 0.07442220052083333 0.0230712890625 
0.4537862141927083 4.0690104166666664e-05 0.00128173828125 2.0345052083333332e-05 0.21766153971354166 0.001953125 0.15934244791666666 0.16591389973958334 
0.759124755859375 0.0 0.0026143391927083335 2.0345052083333332e-05 0.10457356770833333 0.0 0.13055419921875 0.00311279296875 
0.42279052734375 0.022328694661458332 0.00164794921875 0.0011189778645833333 0.12835693359375 0.005106608072916667 0.188262939453125 0.23038736979166666 
0.285308837890625 0.008229573567708334 1.0172526041666666e-05 0.0023905436197916665 0.1268310546875 0.003021240234375 0.06097412109375 0.5132344563802084 
0.5821126302083334 0.0006917317708333334 2.0345052083333332e-05 9.1552734375e-05 0.12870279947916666 9.1552734375e-05 0.07720947265625 0.21107991536458334 
0.23354085286458334 0.00018310546875 1.0172526041666666e-05 1.0172526041666666e-05 0.13453165690104166 0.002532958984375 0.1065673828125 0.5226236979166666 
0.4850972493489583 0.070556640625 1.0172526041666666e-05 0.087188720703125 0.3251749674479167 0.0008748372395833334 0.01495361328125 0.016143798828125 
0.9191691080729166 0.0 0.0007120768229166666 1.0172526041666666e-05 0.060292561848958336 0.0 0.016560872395833332 0.0032552083333333335 
0.6799418131510416 0.0 0.00016276041666666666 0.0 0.3101603190104167 0.0 0.009470621744791666 0.0002644856770833333 
0.8015543619791666 0.0 0.0013631184895833333 3.0517578125e-05 0.14179484049479166 0.00010172526041666667 0.043863932291666664 0.01129150390625 
0.5558369954427084 0.04888916015625 5.0862630208333336e-05 0.16422526041666666 0.07698567708333333 0.0001220703125 0.07685343424479167 0.07703653971354167 
0.5814107259114584 0.0008443196614583334 0.0 0.0 0.12312825520833333 0.02508544921875 0.011220296223958334 0.2583109537760417 
0.5203857421875 0.0 0.007090250651041667 8.138020833333333e-05 0.093658447265625 7.120768229166667e-05 0.30133056640625 0.07738240559895833 
0.5615336100260416 5.0862630208333336e-05 0.00010172526041666667 1.0172526041666666e-05 0.14884440104166666 0.00022379557291666666 0.09794108072916667 0.19129435221354166 
0.6697794596354166 0.0 0.0 0.0 0.3060201009114583 0.0 0.022715250651041668 0.0014851888020833333 
0.9087626139322916 0.0 0.0 0.0 0.07428995768229167 0.0 0.01190185546875 0.005045572916666667 
0.4528910319010417 0.08382161458333333 3.0517578125e-05 0.17470296223958334 0.07842000325520833 0.0010274251302083333 0.08186848958333333 0.12723795572916666 
0.5123189290364584 1.0172526041666666e-05 6.103515625e-05 0.0 0.090850830078125 1.0172526041666666e-05 0.09425862630208333 0.302490234375 
0.5807393391927084 0.0 0.0003255208333333333 0.0 0.34710693359375 0.0 0.053293863932291664 0.018534342447916668 
0.2773234049479167 4.0690104166666664e-05 0.0003560384114583333 0.0002644856770833333 0.2972920735677083 0.0 0.24704996744791666 0.17767333984375 
0.4948933919270833 0.007151285807291667 5.0862630208333336e-05 0.0008544921875 0.10666910807291667 0.0008748372395833334 0.08733113606770833 0.3021748860677083 
0.3110148111979167 0.00020345052083333334 0.0001220703125 0.0003662109375 0.23024495442708334 0.00018310546875 0.17777506510416666 0.28009033203125 
0.3934427897135417 0.359832763671875 0.0 0.0006612141927083334 0.18126424153645834 0.0006815592447916666 0.044087727864583336 0.020029703776041668 
0.3887430826822917 0.002197265625 0.11966959635416667 0.009104410807291666 0.0031026204427083335 0.00017293294270833334 0.21869913736979166 0.2583109537760417 
0.398040771484375 0.000244140625 6.103515625e-05 0.0007527669270833334 0.171173095703125 0.0003458658854166667 0.16237386067708334 0.2670084635416667 
0.689483642578125 2.0345052083333332e-05 0.004974365234375 0.0004069010416666667 0.14898681640625 0.0 0.10566202799479167 0.050465901692708336 
0.848052978515625 0.0011800130208333333 4.0690104166666664e-05 7.120768229166667e-05 0.12811279296875 0.00020345052083333334 0.0203857421875 0.001953125 
0.4263509114583333 0.041880289713541664 0.0031636555989583335 0.004618326822916667 0.12247721354166667 0.019755045572916668 0.07652791341145833 0.3052266438802083 
0.698822021484375 0.0 0.008799235026041666 0.0 0.118865966796875 0.0 0.15776570638020834 0.0157470703125 
0.5751444498697916 6.103515625e-05 0.0155029296875 0.0010986328125 0.09687296549479167 0.001708984375 0.05096435546875 0.2586466471354167 
0.8641357421875 0.0 0.0021769205729166665 0.0 0.10788981119791667 0.0 0.023183186848958332 0.0026143391927083335 
0.929168701171875 0.0 0.0 0.0 0.049092610677083336 0.0 0.018422444661458332 0.0033162434895833335 
0.5998636881510416 0.003326416015625 0.00010172526041666667 0.0004679361979166667 0.1875 0.004170735677083333 0.072906494140625 0.13166300455729166 
0.558197021484375 0.0030008951822916665 0.0 0.00016276041666666666 0.13727823893229166 0.004038492838541667 0.05023193359375 0.24709065755208334 
0.7416585286458334 0.006266276041666667 0.0004069010416666667 0.0019124348958333333 0.056142171223958336 0.005523681640625 0.03521728515625 0.15287272135416666 
0.3027852376302083 0.0014851888020833333 0.010477701822916666 0.002960205078125 0.047454833984375 0.004109700520833333 0.043965657552083336 0.586761474609375 
0.7734883626302084 0.00189208984375 0.051544189453125 0.0401611328125 0.029581705729166668 0.00010172526041666667 0.030375162760416668 0.07285563151041667 
0.4591573079427083 0.004587809244791667 0.0013427734375 0.0015157063802083333 0.09584554036458333 0.001251220703125 0.050577799479166664 0.3857218424479167 
0.86773681640625 0.0 0.002838134765625 0.0 0.09785970052083333 0.0 0.028228759765625 0.0033365885416666665 
0.3048197428385417 0.0 0.0029703776041666665 0.0 0.4641927083333333 0.0 0.21942138671875 0.008595784505208334 
0.6782938639322916 0.0007832845052083334 0.0023091634114583335 0.0011189778645833333 0.170440673828125 0.0007425944010416666 0.041890462239583336 0.10442097981770833 
0.095001220703125 0.0 0.0 0.0 0.194732666015625 0.0 0.3018595377604167 0.4084065755208333 
0.719207763671875 0.0 0.017018636067708332 7.120768229166667e-05 0.16057332356770834 0.0 0.086273193359375 0.016855875651041668 
0.83721923828125 7.120768229166667e-05 0.008066813151041666 0.0002848307291666667 0.091583251953125 2.0345052083333332e-05 0.045084635416666664 0.017669677734375 
0.8118082682291666 0.0 0.00018310546875 0.0 0.12851969401041666 0.0 0.057535807291666664 0.001953125 
0.60888671875 0.001007080078125 5.0862630208333336e-05 0.00023396809895833334 0.12862141927083334 0.0004781087239583333 0.06584676106770833 0.19487508138020834 
0.2667948404947917 0.10662841796875 0.0 0.032501220703125 0.270599365234375 0.003570556640625 0.1304931640625 0.18941243489583334 
0.5989786783854166 0.00022379557291666666 0.0009053548177083334 0.00014241536458333334 0.0833740234375 6.103515625e-05 0.15831502278645834 0.15799967447916666 
0.436798095703125 0.0005289713541666666 0.017547607421875 0.07427978515625 0.07568359375 0.0 0.09474690755208333 0.3004150390625 
